Graph is empty.
Graph is empty.
Graph is empty.
Graph is empty.
Graph is empty.
Graph is empty.
Graph is empty.
Graph is empty.
Graph is empty.
Graph is empty.
3
2.00
3
2.00
3
2.00
3
2.00
3
2.00
3
2.00
3
2.00
3
2.00
3
2.00
3
2.00
3
2.00
3
2.00
3
2.00
24
4.80
24
4.80
24
4.80
24
4.80
24
4.80
24
4.80
24
4.80
24
4.80
24
4.80
24
4.80
24
4.80
24
4.80
24
4.80
24
4.80
24
4.80
24
4.80
25
4.17
25
4.17
26
3.71
26
3.71
26
3.71
32
3.56
32
3.56
32
3.56
32
3.56
32
3.56
32
3.56
32
3.56
32
3.56
32
3.56
32
3.56
32
3.56
32
3.56
32
3.56
32
3.56
32
3.56
32
3.56
32
3.56
32
3.56
32
3.56
32
3.56
32
3.56
32
3.56
32
3.56
32
3.56
32
3.56
32
3.56
32
3.56
32
3.56
32
3.56
32
3.56
32
3.56
32
3.56
32
3.56
32
3.56
32
3.56
32
3.56
32
3.56
32
3.56
32
3.56
32
3.56
32
3.56
32
3.56
32
3.56
32
3.56
32
3.56
32
3.56
32
3.56
32
3.56
32
3.56
32
3.56
32
3.56
32
3.56
32
3.56
32
3.56
33
3.30
33
3.30
33
3.30
33
3.30
33
3.30
33
3.30
33
3.30
33
3.30
33
3.30
33
3.30
33
3.30
33
3.30
33
3.30
39
3.25
39
3.25
39
3.25
40
3.08
40
3.08
40
3.08
40
3.08
40
3.08
40
3.08
40
3.08
40
3.08
40
3.08
40
3.08
40
3.08
40
3.08
40
3.08
40
3.08
40
3.08
40
3.08
41
2.93
41
2.93
41
2.93
41
2.93
41
2.93
41
2.93
41
2.93
41
2.93
41
2.93
41
2.93
41
2.93
41
2.93
41
2.93
41
2.93
41
2.93
41
2.93
41
2.93
47
2.94
47
2.94
47
2.94
47
2.94
47
2.94
47
2.94
47
2.94
47
2.94
47
2.94
47
2.94
47
2.94
47
2.94
47
2.94
47
2.94
47
2.94
47
2.94
47
2.94
47
2.94
47
2.94
47
2.94
47
2.94
47
2.94
48
2.82
48
2.82
48
2.82
48
2.82
48
2.82
48
2.82
48
2.82
48
2.82
48
2.82
48
2.82
48
2.82
48
2.82
48
2.82
48
2.82
48
2.82
48
2.82
48
2.82
57
3.17
57
3.17
57
3.17
57
3.17
57
3.17
57
3.17
57
3.17
57
3.17
57
3.17
57
3.17
57
3.17
57
3.17
57
3.17
57
3.17
57
3.17
57
3.17
57
3.17
68
3.58
68
3.58
68
3.58
68
3.58
68
3.58
68
3.58
68
3.58
68
3.58
68
3.58
68
3.58
68
3.58
68
3.58
68
3.58
68
3.58
68
3.58
68
3.58
68
3.58
68
3.58
68
3.58
68
3.58
68
3.58
68
3.58
78
3.63
78
3.63
78
3.63
84
3.57
84
3.57
85
3.47
85
3.47
85
3.47
85
3.47
85
3.47
85
3.47
85
3.47
85
3.47
85
3.47
85
3.47
86
3.37
86
3.37
86
3.37
86
3.37
86
3.37
86
3.37
86
3.37
86
3.37
86
3.37
86
3.37
86
3.37
86
3.37
86
3.37
86
3.37
86
3.37
86
3.37
86
3.37
86
3.37
86
3.37
86
3.37
86
3.37
86
3.37
86
3.37
86
3.37
86
3.37
86
3.37
86
3.37
86
3.37
86
3.37
86
3.37
86
3.37
86
3.37
86
3.37
87
3.28
87
3.28
87
3.28
87
3.28
87
3.28
87
3.28
87
3.28
90
3.27
90
3.27
90
3.27
90
3.27
90
3.27
90
3.27
90
3.27
90
3.27
90
3.27
90
3.27
90
3.27
90
3.27
90
3.27
90
3.27
90
3.27
90
3.27
90
3.27
90
3.27
90
3.27
90
3.27
90
3.27
90
3.27
90
3.27
90
3.27
90
3.27
90
3.27
90
3.27
90
3.27
90
3.27
90
3.27
90
3.27
90
3.27
90
3.27
90
3.27
90
3.27
90
3.27
90
3.27
90
3.27
90
3.27
90
3.27
90
3.27
90
3.27
90
3.27
90
3.27
90
3.27
90
3.27
90
3.27
90
3.27
90
3.27
90
3.27
90
3.27
90
3.27
90
3.27
90
3.27
90
3.27
90
3.27
90
3.27
90
3.27
90
3.27
90
3.27
90
3.27
90
3.27
90
3.27
90
3.27
90
3.27
90
3.27
90
3.27
90
3.27
90
3.27
90
3.27
90
3.27
90
3.27
90
3.27
90
3.27
90
3.27
91
3.19
91
3.19
91
3.19
91
3.19
91
3.19
91
3.19
91
3.19
91
3.19
91
3.19
92
3.12
92
3.12
92
3.12
92
3.12
92
3.12
92
3.12
92
3.12
92
3.12
92
3.12
92
3.12
92
3.12
92
3.12
92
3.12
92
3.12
92
3.12
92
3.12
92
3.12
92
3.12
92
3.12
92
3.12
92
3.12
92
3.12
92
3.12
113
3.42
113
3.42
113
3.42
113
3.42
113
3.42
113
3.42
113
3.42
113
3.42
113
3.42
113
3.42
113
3.42
113
3.42
113
3.42
113
3.42
113
3.42
113
3.42
113
3.42
113
3.42
113
3.42
113
3.42
113
3.42
113
3.42
113
3.42
113
3.42
113
3.42
113
3.42
113
3.42
113
3.42
113
3.42
113
3.42
113
3.42
113
3.42
113
3.42
113
3.42
113
3.42
113
3.42
113
3.42
116
3.36
116
3.36
116
3.36
116
3.36
117
3.30
117
3.30
117
3.30
117
3.30
117
3.30
117
3.30
117
3.30
117
3.30
117
3.30
117
3.30
117
3.30
117
3.30
117
3.30
117
3.30
117
3.30
117
3.30
117
3.30
117
3.30
117
3.30
127
3.34
127
3.34
127
3.34
127
3.34
127
3.34
127
3.34
127
3.34
127
3.34
127
3.34
127
3.34
127
3.34
127
3.34
127
3.34
127
3.34
127
3.34
127
3.34
127
3.34
127
3.34
135
3.46
135
3.46
135
3.46
135
3.46
135
3.46
138
3.45
138
3.45
141
3.44
141
3.44
141
3.44
141
3.44
141
3.44
141
3.44
141
3.44
141
3.44
142
3.38
142
3.38
142
3.38
142
3.38
142
3.38
142
3.38
142
3.38
142
3.38
142
3.38
142
3.38
142
3.38
142
3.38
142
3.38
142
3.38
142
3.38
143
3.33
143
3.33
143
3.33
143
3.33
143
3.33
143
3.33
143
3.33
143
3.33
143
3.33
143
3.33
143
3.33
143
3.33
143
3.33
143
3.33
143
3.33
143
3.33
143
3.33
149
3.31
149
3.31
149
3.31
149
3.31
149
3.31
149
3.31
149
3.31
150
3.26
150
3.26
157
3.34
158
3.29
158
3.29
158
3.29
158
3.29
158
3.29
158
3.29
158
3.29
158
3.29
158
3.29
158
3.29
158
3.29
158
3.29
158
3.29
158
3.29
159
3.24
159
3.24
159
3.24
159
3.24
159
3.24
159
3.24
159
3.24
159
3.24
159
3.24
159
3.24
159
3.24
159
3.24
159
3.24
159
3.24
159
3.24
159
3.24
159
3.24
159
3.24
159
3.24
159
3.24
159
3.24
168
3.36
168
3.36
168
3.36
168
3.36
168
3.36
168
3.36
168
3.36
168
3.36
168
3.36
168
3.36
168
3.36
168
3.36
168
3.36
168
3.36
168
3.36
168
3.36
168
3.36
168
3.36
168
3.36
168
3.36
168
3.36
168
3.36
168
3.36
168
3.36
174
3.45
175
3.40
175
3.40
175
3.40
175
3.40
175
3.40
175
3.40
175
3.40
175
3.40
175
3.40
175
3.40
176
3.35
176
3.35
176
3.35
176
3.35
176
3.35
176
3.35
176
3.35
176
3.35
176
3.35
176
3.35
176
3.35
176
3.35
176
3.35
176
3.35
176
3.35
176
3.35
176
3.35
176
3.35
176
3.35
176
3.35
176
3.35
176
3.35
176
3.35
176
3.35
176
3.35
176
3.35
176
3.35
176
3.35
176
3.35
176
3.35
176
3.35
176
3.35
176
3.35
176
3.35
176
3.35
176
3.35
176
3.35
176
3.35
176
3.35
176
3.35
176
3.35
176
3.35
176
3.35
176
3.35
176
3.35
176
3.35
176
3.35
176
3.35
176
3.35
176
3.35
176
3.35
176
3.35
176
3.35
176
3.35
176
3.35
176
3.35
176
3.35
176
3.35
176
3.35
176
3.35
176
3.35
176
3.35
176
3.35
176
3.35
176
3.35
176
3.35
176
3.35
176
3.35
176
3.35
176
3.35
176
3.35
176
3.35
176
3.35
176
3.35
176
3.35
182
3.34
182
3.34
183
3.30
184
3.26
184
3.26
184
3.26
184
3.26
187
3.22
187
3.22
187
3.22
187
3.22
187
3.22
187
3.22
187
3.22
187
3.22
187
3.22
187
3.22
187
3.22
187
3.22
187
3.22
187
3.22
187
3.22
187
3.22
187
3.22
187
3.22
187
3.22
187
3.22
187
3.22
187
3.22
187
3.22
187
3.22
187
3.22
187
3.22
187
3.22
187
3.22
187
3.22
187
3.22
187
3.22
187
3.22
187
3.22
187
3.22
187
3.22
187
3.22
187
3.22
187
3.22
187
3.22
187
3.22
187
3.22
187
3.22
187
3.22
187
3.22
187
3.22
187
3.22
187
3.22
187
3.22
187
3.22
187
3.22
187
3.22
194
3.29
194
3.29
194
3.29
194
3.29
194
3.29
194
3.29
194
3.29
194
3.29
194
3.29
194
3.29
194
3.29
194
3.29
194
3.29
194
3.29
194
3.29
194
3.29
194
3.29
194
3.29
194
3.29
194
3.29
194
3.29
194
3.29
194
3.29
194
3.29
194
3.29
194
3.29
194
3.29
194
3.29
194
3.29
194
3.29
194
3.29
194
3.29
194
3.29
194
3.29
194
3.29
194
3.29
194
3.29
194
3.29
194
3.29
204
3.32
204
3.32
204
3.32
204
3.32
204
3.32
204
3.32
204
3.32
204
3.32
204
3.32
204
3.32
204
3.32
204
3.32
204
3.32
204
3.32
204
3.32
204
3.32
204
3.32
204
3.32
204
3.32
204
3.32
204
3.32
204
3.32
204
3.32
205
3.28
205
3.28
205
3.28
205
3.28
205
3.28
205
3.28
205
3.28
205
3.28
220
3.36
220
3.36
220
3.36
220
3.36
220
3.36
220
3.36
220
3.36
220
3.36
220
3.36
220
3.36
220
3.36
220
3.36
220
3.36
220
3.36
220
3.36
220
3.36
220
3.36
220
3.36
220
3.36
220
3.36
220
3.36
220
3.36
220
3.36
220
3.36
220
3.36
220
3.36
220
3.36
220
3.36
220
3.36
220
3.36
220
3.36
220
3.36
220
3.36
220
3.36
220
3.36
220
3.36
220
3.36
220
3.36
221
3.32
221
3.32
221
3.32
221
3.32
221
3.32
221
3.32
221
3.32
221
3.32
221
3.32
221
3.32
221
3.32
221
3.32
221
3.32
221
3.32
221
3.32
221
3.32
221
3.32
221
3.32
221
3.32
221
3.32
221
3.32
221
3.32
221
3.32
221
3.32
221
3.32
221
3.32
221
3.32
221
3.32
221
3.32
221
3.32
221
3.32
227
3.31
227
3.31
227
3.31
227
3.31
227
3.31
227
3.31
227
3.31
227
3.31
227
3.31
227
3.31
227
3.31
227
3.31
227
3.31
227
3.31
227
3.31
227
3.31
227
3.31
227
3.31
227
3.31
227
3.31
227
3.31
227
3.31
227
3.31
227
3.31
227
3.31
227
3.31
227
3.31
227
3.31
228
3.28
228
3.28
228
3.28
228
3.28
228
3.28
228
3.28
228
3.28
228
3.28
234
3.27
234
3.27
234
3.27
235
3.26
235
3.26
235
3.26
242
3.32
242
3.32
242
3.32
242
3.32
242
3.32
242
3.32
242
3.32
242
3.32
242
3.32
242
3.32
242
3.32
242
3.32
242
3.32
242
3.32
242
3.32
242
3.32
243
3.28
243
3.28
243
3.28
243
3.28
243
3.28
243
3.28
243
3.28
243
3.28
244
3.25
244
3.25
244
3.25
244
3.25
244
3.25
244
3.25
244
3.25
244
3.25
244
3.25
244
3.25
244
3.25
244
3.25
244
3.25
244
3.25
244
3.25
244
3.25
244
3.25
244
3.25
245
3.25
245
3.25
245
3.25
245
3.25
245
3.25
245
3.25
245
3.25
245
3.25
245
3.25
245
3.25
245
3.25
245
3.25
245
3.25
245
3.25
245
3.25
255
3.27
255
3.27
255
3.27
255
3.27
261
3.32
261
3.32
261
3.32
261
3.32
261
3.32
261
3.32
261
3.32
261
3.32
261
3.32
261
3.32
261
3.32
261
3.32
261
3.32
264
3.32
264
3.32
265
3.31
265
3.31
265
3.31
265
3.31
265
3.31
265
3.31
265
3.31
265
3.31
265
3.31
265
3.31
265
3.31
265
3.31
265
3.31
265
3.31
265
3.31
265
3.31
265
3.31
265
3.31
265
3.31
265
3.31
269
3.34
269
3.34
269
3.34
269
3.34
269
3.34
269
3.34
269
3.34
271
3.35
279
3.40
279
3.40
279
3.40
279
3.40
279
3.40
279
3.40
279
3.40
279
3.40
279
3.40
279
3.40
279
3.40
279
3.40
279
3.40
279
3.40
279
3.40
279
3.40
279
3.40
279
3.40
289
3.48
289
3.48
289
3.48
289
3.48
289
3.48
289
3.48
289
3.48
289
3.48
310
3.58
310
3.58
310
3.58
310
3.58
310
3.58
310
3.58
310
3.58
310
3.58
310
3.58
310
3.58
310
3.58
310
3.58
310
3.58
320
3.60
320
3.60
320
3.60
320
3.60
320
3.60
320
3.60
320
3.60
320
3.60
320
3.60
320
3.60
320
3.60
320
3.60
320
3.60
320
3.60
320
3.60
320
3.60
320
3.60
320
3.60
320
3.60
320
3.60
320
3.60
320
3.60
320
3.60
320
3.60
320
3.60
320
3.60
320
3.60
320
3.60
320
3.60
320
3.60
320
3.60
320
3.60
320
3.60
320
3.60
320
3.60
320
3.60
320
3.60
320
3.60
320
3.60
320
3.60
320
3.60
320
3.60
320
3.60
320
3.60
320
3.60
320
3.60
320
3.60
320
3.60
320
3.60
320
3.60
320
3.60
320
3.60
320
3.60
320
3.60
320
3.60
320
3.60
320
3.60
320
3.60
323
3.57
323
3.57
323
3.57
323
3.57
323
3.57
323
3.57
323
3.57
323
3.57
323
3.57
323
3.57
323
3.57
323
3.57
323
3.57
323
3.57
323
3.57
323
3.57
323
3.57
323
3.57
323
3.57
323
3.57
323
3.57
323
3.57
323
3.57
323
3.57
323
3.57
323
3.57
323
3.57
323
3.57
323
3.57
323
3.57
323
3.57
323
3.57
323
3.57
323
3.57
323
3.57
323
3.57
323
3.57
324
3.54
324
3.54
324
3.54
324
3.54
324
3.54
324
3.54
324
3.54
324
3.54
324
3.54
324
3.54
324
3.54
324
3.54
325
3.55
325
3.55
325
3.55
325
3.55
325
3.55
325
3.55
325
3.55
325
3.55
325
3.55
325
3.55
325
3.55
325
3.55
325
3.55
325
3.55
325
3.55
325
3.55
325
3.55
325
3.55
325
3.55
325
3.55
325
3.55
325
3.55
325
3.55
325
3.55
325
3.55
325
3.55
328
3.55
328
3.55
328
3.55
328
3.55
328
3.55
328
3.55
328
3.55
328
3.55
328
3.55
328
3.55
328
3.55
328
3.55
328
3.55
328
3.55
328
3.55
328
3.55
328
3.55
328
3.55
328
3.55
328
3.55
328
3.55
328
3.55
328
3.55
328
3.55
328
3.55
328
3.55
328
3.55
328
3.55
328
3.55
328
3.55
328
3.55
328
3.55
328
3.55
328
3.55
328
3.55
328
3.55
328
3.55
328
3.55
328
3.55
328
3.55
328
3.55
328
3.55
328
3.55
328
3.55
328
3.55
328
3.55
328
3.55
328
3.55
328
3.55
328
3.55
328
3.55
328
3.55
328
3.55
328
3.55
328
3.55
328
3.55
328
3.55
328
3.55
328
3.55
328
3.55
328
3.55
328
3.55
328
3.55
328
3.55
328
3.55
328
3.55
328
3.55
328
3.55
328
3.55
328
3.55
328
3.55
328
3.55
328
3.55
329
3.52
329
3.52
329
3.52
329
3.52
329
3.52
329
3.52
329
3.52
329
3.52
329
3.52
329
3.52
329
3.52
329
3.52
329
3.52
329
3.52
329
3.52
329
3.52
329
3.52
329
3.52
329
3.52
329
3.52
329
3.52
329
3.52
329
3.52
329
3.52
329
3.52
329
3.52
329
3.52
329
3.52
329
3.52
329
3.52
329
3.52
329
3.52
329
3.52
329
3.52
329
3.52
329
3.52
329
3.52
332
3.49
332
3.49
332
3.49
332
3.49
332
3.49
332
3.49
332
3.49
332
3.49
332
3.49
332
3.49
332
3.49
332
3.49
332
3.49
332
3.49
332
3.49
332
3.49
333
3.47
333
3.47
333
3.47
333
3.47
333
3.47
333
3.47
333
3.47
333
3.47
333
3.47
333
3.47
333
3.47
333
3.47
333
3.47
333
3.47
333
3.47
333
3.47
333
3.47
333
3.47
333
3.47
333
3.47
333
3.47
333
3.47
333
3.47
333
3.47
333
3.47
333
3.47
333
3.47
333
3.47
333
3.47
333
3.47
333
3.47
333
3.47
333
3.47
333
3.47
333
3.47
333
3.47
333
3.47
333
3.47
333
3.47
333
3.47
333
3.47
333
3.47
333
3.47
333
3.47
333
3.47
333
3.47
333
3.47
333
3.47
333
3.47
333
3.47
333
3.47
333
3.47
333
3.47
334
3.44
334
3.44
334
3.44
334
3.44
335
3.42
335
3.42
335
3.42
335
3.42
335
3.42
335
3.42
335
3.42
335
3.42
335
3.42
335
3.42
335
3.42
335
3.42
335
3.42
335
3.42
335
3.42
336
3.41
336
3.41
336
3.41
336
3.41
336
3.41
336
3.41
336
3.41
336
3.41
336
3.41
336
3.41
336
3.41
336
3.41
336
3.41
336
3.41
336
3.41
336
3.41
336
3.41
336
3.41
336
3.41
336
3.41
336
3.41
336
3.41
336
3.41
336
3.41
336
3.41
336
3.41
336
3.41
336
3.41
336
3.41
336
3.41
336
3.41
337
3.39
337
3.39
337
3.39
337
3.39
337
3.39
337
3.39
337
3.39
337
3.39
337
3.39
337
3.39
337
3.39
337
3.39
337
3.39
337
3.39
337
3.39
337
3.39
337
3.39
337
3.39
337
3.39
337
3.39
340
3.38
340
3.38
340
3.38
340
3.38
340
3.38
352
3.45
352
3.45
352
3.45
352
3.45
352
3.45
352
3.45
352
3.45
352
3.45
352
3.45
352
3.45
352
3.45
352
3.45
352
3.45
352
3.45
352
3.45
352
3.45
352
3.45
352
3.45
352
3.45
352
3.45
352
3.45
352
3.45
352
3.45
352
3.45
352
3.45
352
3.45
352
3.45
355
3.45
355
3.45
355
3.45
355
3.45
355
3.45
355
3.45
355
3.45
355
3.45
355
3.45
355
3.45
355
3.45
355
3.45
355
3.45
355
3.45
356
3.42
356
3.42
356
3.42
356
3.42
356
3.42
356
3.42
356
3.42
356
3.42
356
3.42
356
3.42
356
3.42
359
3.40
359
3.40
359
3.40
359
3.40
359
3.40
359
3.40
359
3.40
359
3.40
366
3.44
366
3.44
366
3.44
366
3.44
366
3.44
366
3.44
370
3.46
370
3.46
370
3.46
370
3.46
370
3.46
370
3.46
370
3.46
370
3.46
370
3.46
371
3.44
371
3.44
371
3.44
371
3.44
371
3.44
371
3.44
371
3.44
371
3.44
371
3.44
371
3.44
371
3.44
371
3.44
372
3.43
372
3.43
372
3.43
373
3.41
373
3.41
373
3.41
378
3.44
378
3.44
378
3.44
378
3.44
378
3.44
378
3.44
378
3.44
387
3.47
387
3.47
387
3.47
387
3.47
387
3.47
387
3.47
387
3.47
387
3.47
387
3.47
387
3.47
387
3.47
387
3.47
387
3.47
387
3.47
387
3.47
387
3.47
387
3.47
387
3.47
387
3.47
387
3.47
387
3.47
387
3.47
387
3.47
387
3.47
387
3.47
387
3.47
387
3.47
387
3.47
387
3.47
387
3.47
387
3.47
387
3.47
387
3.47
387
3.47
387
3.47
387
3.47
387
3.47
387
3.47
387
3.47
387
3.47
387
3.47
387
3.47
387
3.47
387
3.47
387
3.47
387
3.47
391
3.49
391
3.49
391
3.49
391
3.49
391
3.49
391
3.49
391
3.49
391
3.49
391
3.49
391
3.49
394
3.50
394
3.50
394
3.50
394
3.50
394
3.50
394
3.50
394
3.50
394
3.50
394
3.50
394
3.50
394
3.50
394
3.50
394
3.50
394
3.50
394
3.50
394
3.50
394
3.50
394
3.50
394
3.50
394
3.50
394
3.50
394
3.50
394
3.50
394
3.50
394
3.50
394
3.50
394
3.50
394
3.50
394
3.50
394
3.50
397
3.51
397
3.51
397
3.51
397
3.51
397
3.51
397
3.51
397
3.51
397
3.51
397
3.51
397
3.51
397
3.51
397
3.51
397
3.51
397
3.51
397
3.51
397
3.51
397
3.51
397
3.51
397
3.51
397
3.51
397
3.51
397
3.51
397
3.51
397
3.51
397
3.51
397
3.51
397
3.51
397
3.51
397
3.51
402
3.53
403
3.54
403
3.54
403
3.54
403
3.54
403
3.54
403
3.54
403
3.54
403
3.54
403
3.54
403
3.54
403
3.54
403
3.54
403
3.54
404
3.51
405
3.49
406
3.48
406
3.48
406
3.48
406
3.48
406
3.48
406
3.48
406
3.48
406
3.48
406
3.48
406
3.48
406
3.48
406
3.48
406
3.48
406
3.48
406
3.48
406
3.48
413
3.51
413
3.51
413
3.51
413
3.51
413
3.51
413
3.51
413
3.51
413
3.51
413
3.51
413
3.51
413
3.51
413
3.51
413
3.51
413
3.51
413
3.51
413
3.51
413
3.51
413
3.51
413
3.51
413
3.51
413
3.51
416
3.50
416
3.50
416
3.50
416
3.50
416
3.50
416
3.50
416
3.50
416
3.50
416
3.50
416
3.50
416
3.50
416
3.50
416
3.50
416
3.50
416
3.50
416
3.50
416
3.50
416
3.50
416
3.50
416
3.50
416
3.50
416
3.50
416
3.50
416
3.50
416
3.50
416
3.50
416
3.50
420
3.51
420
3.51
420
3.51
420
3.51
420
3.51
420
3.51
420
3.51
420
3.51
420
3.51
420
3.51
420
3.51
420
3.51
420
3.51
420
3.51
420
3.51
420
3.51
420
3.51
420
3.51
420
3.51
420
3.51
420
3.51
420
3.51
420
3.51
420
3.51
420
3.51
420
3.51
420
3.51
420
3.51
420
3.51
420
3.51
420
3.51
420
3.51
420
3.51
420
3.51
420
3.51
420
3.51
420
3.51
420
3.51
420
3.51
420
3.51
420
3.51
420
3.51
428
3.57
428
3.57
428
3.57
428
3.57
428
3.57
428
3.57
428
3.57
428
3.57
428
3.57
428
3.57
428
3.57
428
3.57
428
3.57
428
3.57
428
3.57
428
3.57
428
3.57
429
3.55
429
3.55
429
3.55
429
3.55
429
3.55
429
3.55
429
3.55
429
3.55
429
3.55
429
3.55
429
3.55
429
3.55
429
3.55
429
3.55
429
3.55
429
3.55
429
3.55
429
3.55
429
3.55
429
3.55
429
3.55
429
3.55
429
3.55
429
3.55
429
3.55
429
3.55
429
3.55
429
3.55
429
3.55
429
3.55
429
3.55
429
3.55
429
3.55
429
3.55
457
3.66
457
3.66
457
3.66
457
3.66
457
3.66
457
3.66
457
3.66
457
3.66
457
3.66
457
3.66
457
3.66
457
3.66
457
3.66
457
3.66
457
3.66
457
3.66
457
3.66
457
3.66
457
3.66
457
3.66
457
3.66
457
3.66
457
3.66
457
3.66
457
3.66
457
3.66
457
3.66
460
3.64
460
3.64
460
3.64
460
3.64
460
3.64
470
3.64
470
3.64
470
3.64
470
3.64
470
3.64
470
3.64
470
3.64
470
3.64
470
3.64
470
3.64
470
3.64
470
3.64
470
3.64
470
3.64
470
3.64
470
3.64
470
3.64
470
3.64
470
3.64
473
3.62
473
3.62
473
3.62
473
3.62
473
3.62
473
3.62
473
3.62
473
3.62
473
3.62
473
3.62
474
3.62
474
3.62
474
3.62
474
3.62
474
3.62
477
3.60
477
3.60
477
3.60
477
3.60
477
3.60
477
3.60
477
3.60
477
3.60
477
3.60
477
3.60
480
3.60
480
3.60
480
3.60
480
3.60
480
3.60
480
3.60
480
3.60
480
3.60
483
3.58
483
3.58
483
3.58
483
3.58
483
3.58
483
3.58
483
3.58
483
3.58
483
3.58
483
3.58
483
3.58
483
3.58
483
3.58
483
3.58
483
3.58
483
3.58
483
3.58
483
3.58
483
3.58
483
3.58
483
3.58
483
3.58
483
3.58
483
3.58
483
3.58
483
3.58
483
3.58
483
3.58
483
3.58
484
3.56
484
3.56
484
3.56
484
3.56
484
3.56
484
3.56
484
3.56
484
3.56
484
3.56
484
3.56
484
3.56
484
3.56
484
3.56
484
3.56
484
3.56
484
3.56
484
3.56
484
3.56
484
3.56
484
3.56
484
3.56
484
3.56
484
3.56
484
3.56
484
3.56
484
3.56
484
3.56
484
3.56
484
3.56
484
3.56
484
3.56
484
3.56
484
3.56
484
3.56
485
3.54
485
3.54
485
3.54
485
3.54
485
3.54
485
3.54
485
3.54
485
3.54
485
3.54
485
3.54
485
3.54
485
3.54
485
3.54
485
3.54
485
3.54
485
3.54
485
3.54
485
3.54
485
3.54
485
3.54
485
3.54
485
3.54
485
3.54
485
3.54
485
3.54
485
3.54
485
3.54
485
3.54
485
3.54
485
3.54
485
3.54
485
3.54
485
3.54
485
3.54
485
3.54
485
3.54
491
3.53
491
3.53
491
3.53
491
3.53
491
3.53
491
3.53
491
3.53
491
3.53
491
3.53
491
3.53
491
3.53
491
3.53
491
3.53
491
3.53
491
3.53
491
3.53
491
3.53
491
3.53
491
3.53
506
3.56
506
3.56
506
3.56
506
3.56
506
3.56
506
3.56
506
3.56
506
3.56
506
3.56
506
3.56
506
3.56
506
3.56
506
3.56
506
3.56
506
3.56
506
3.56
506
3.56
506
3.56
506
3.56
506
3.56
506
3.56
506
3.56
506
3.56
506
3.56
511
3.59
511
3.59
511
3.59
511
3.59
511
3.59
511
3.59
511
3.59
511
3.59
511
3.59
511
3.59
511
3.59
511
3.59
511
3.59
520
3.62
520
3.62
520
3.62
520
3.62
520
3.62
520
3.62
520
3.62
520
3.62
520
3.62
520
3.62
520
3.62
520
3.62
520
3.62
520
3.62
520
3.62
523
3.61
526
3.59
526
3.59
526
3.59
526
3.59
526
3.59
526
3.59
526
3.59
526
3.59
526
3.59
526
3.59
526
3.59
526
3.59
526
3.59
526
3.59
526
3.59
526
3.59
526
3.59
526
3.59
526
3.59
526
3.59
526
3.59
527
3.57
527
3.57
527
3.57
527
3.57
527
3.57
527
3.57
527
3.57
527
3.57
527
3.57
527
3.57
527
3.57
527
3.57
527
3.57
527
3.57
530
3.57
533
3.55
533
3.55
533
3.55
533
3.55
533
3.55
533
3.55
533
3.55
533
3.55
533
3.55
533
3.55
533
3.55
533
3.55
533
3.55
533
3.55
533
3.55
533
3.55
533
3.55
533
3.55
533
3.55
533
3.55
533
3.55
533
3.55
533
3.55
533
3.55
533
3.55
533
3.55
533
3.55
533
3.55
533
3.55
533
3.55
533
3.55
533
3.55
533
3.55
533
3.55
534
3.56
534
3.56
534
3.56
534
3.56
534
3.56
534
3.56
534
3.56
534
3.56
546
3.60
546
3.60
546
3.60
546
3.60
546
3.60
546
3.60
546
3.60
546
3.60
546
3.60
546
3.60
546
3.60
546
3.60
546
3.60
546
3.60
546
3.60
546
3.60
546
3.60
546
3.60
549
3.61
549
3.61
549
3.61
549
3.61
549
3.61
550
3.59
550
3.59
550
3.59
550
3.59
550
3.59
550
3.59
550
3.59
550
3.59
556
3.59
556
3.59
556
3.59
556
3.59
556
3.59
556
3.59
556
3.59
556
3.59
556
3.59
556
3.59
556
3.59
556
3.59
563
3.61
563
3.61
563
3.61
563
3.61
563
3.61
563
3.61
563
3.61
563
3.61
563
3.61
563
3.61
563
3.61
563
3.61
563
3.61
563
3.61
563
3.61
563
3.61
563
3.61
563
3.61
563
3.61
563
3.61
563
3.61
563
3.61
563
3.61
563
3.61
563
3.61
563
3.61
563
3.61
563
3.61
563
3.61
563
3.61
563
3.61
563
3.61
563
3.61
569
3.61
570
3.60
570
3.60
570
3.60
570
3.60
570
3.60
570
3.60
570
3.60
570
3.60
570
3.60
570
3.60
570
3.60
570
3.60
570
3.60
571
3.58
571
3.58
571
3.58
571
3.58
571
3.58
571
3.58
571
3.58
571
3.58
576
3.60
576
3.60
576
3.60
576
3.60
576
3.60
576
3.60
576
3.60
576
3.60
576
3.60
581
3.62
581
3.62
581
3.62
581
3.62
581
3.62
581
3.62
581
3.62
581
3.62
581
3.62
581
3.62
581
3.62
581
3.62
585
3.63
585
3.63
585
3.63
585
3.63
585
3.63
585
3.63
585
3.63
591
3.66
591
3.66
591
3.66
591
3.66
591
3.66
591
3.66
591
3.66
591
3.66
591
3.66
591
3.66
591
3.66
591
3.66
591
3.66
591
3.66
591
3.66
591
3.66
592
3.64
592
3.64
595
3.64
595
3.64
595
3.64
595
3.64
595
3.64
595
3.64
595
3.64
595
3.64
595
3.64
595
3.64
595
3.64
595
3.64
596
3.62
596
3.62
596
3.62
596
3.62
596
3.62
596
3.62
596
3.62
596
3.62
596
3.62
596
3.62
596
3.62
596
3.62
596
3.62
596
3.62
596
3.62
596
3.62
596
3.62
596
3.62
596
3.62
596
3.62
596
3.62
596
3.62
596
3.62
596
3.62
596
3.62
598
3.62
598
3.62
598
3.62
598
3.62
598
3.62
598
3.62
598
3.62
598
3.62
598
3.62
598
3.62
598
3.62
598
3.62
598
3.62
598
3.62
598
3.62
598
3.62
598
3.62
598
3.62
598
3.62
598
3.62
598
3.62
598
3.62
598
3.62
598
3.62
598
3.62
598
3.62
598
3.62
598
3.62
598
3.62
598
3.62
598
3.62
598
3.62
598
3.62
598
3.62
598
3.62
598
3.62
598
3.62
598
3.62
598
3.62
598
3.62
598
3.62
598
3.62
598
3.62
598
3.62
598
3.62
598
3.62
598
3.62
598
3.62
598
3.62
599
3.61
599
3.61
599
3.61
599
3.61
599
3.61
599
3.61
599
3.61
599
3.61
599
3.61
599
3.61
599
3.61
599
3.61
599
3.61
599
3.61
599
3.61
599
3.61
599
3.61
599
3.61
599
3.61
599
3.61
599
3.61
599
3.61
599
3.61
599
3.61
599
3.61
599
3.61
599
3.61
599
3.61
599
3.61
599
3.61
599
3.61
599
3.61
599
3.61
599
3.61
599
3.61
599
3.61
599
3.61
599
3.61
599
3.61
614
3.63
614
3.63
614
3.63
614
3.63
614
3.63
614
3.63
614
3.63
614
3.63
614
3.63
614
3.63
614
3.63
614
3.63
614
3.63
614
3.63
614
3.63
614
3.63
614
3.63
614
3.63
614
3.63
617
3.62
617
3.62
617
3.62
617
3.62
617
3.62
617
3.62
617
3.62
617
3.62
617
3.62
617
3.62
617
3.62
617
3.62
617
3.62
617
3.62
617
3.62
617
3.62
617
3.62
617
3.62
617
3.62
617
3.62
617
3.62
617
3.62
617
3.62
617
3.62
617
3.62
617
3.62
617
3.62
617
3.62
617
3.62
617
3.62
617
3.62
617
3.62
617
3.62
617
3.62
617
3.62
617
3.62
617
3.62
617
3.62
617
3.62
617
3.62
617
3.62
617
3.62
617
3.62
617
3.62
617
3.62
617
3.62
617
3.62
617
3.62
617
3.62
617
3.62
617
3.62
617
3.62
617
3.62
617
3.62
617
3.62
617
3.62
617
3.62
617
3.62
617
3.62
617
3.62
617
3.62
617
3.62
617
3.62
617
3.62
617
3.62
617
3.62
618
3.60
618
3.60
618
3.60
618
3.60
618
3.60
618
3.60
618
3.60
618
3.60
621
3.59
621
3.59
621
3.59
623
3.59
623
3.59
623
3.59
623
3.59
623
3.59
623
3.59
623
3.59
623
3.59
623
3.59
623
3.59
623
3.59
623
3.59
623
3.59
623
3.59
623
3.59
623
3.59
623
3.59
623
3.59
623
3.59
623
3.59
623
3.59
623
3.59
623
3.59
623
3.59
623
3.59
623
3.59
623
3.59
623
3.59
623
3.59
623
3.59
623
3.59
623
3.59
623
3.59
623
3.59
623
3.59
623
3.59
623
3.59
623
3.59
623
3.59
623
3.59
623
3.59
623
3.59
623
3.59
623
3.59
623
3.59
623
3.59
623
3.59
623
3.59
623
3.59
623
3.59
623
3.59
623
3.59
623
3.59
623
3.59
623
3.59
623
3.59
623
3.59
623
3.59
623
3.59
629
3.58
629
3.58
629
3.58
629
3.58
629
3.58
629
3.58
629
3.58
629
3.58
629
3.58
629
3.58
629
3.58
629
3.58
629
3.58
630
3.57
630
3.57
630
3.57
630
3.57
630
3.57
630
3.57
630
3.57
630
3.57
630
3.57
675
3.72
675
3.72
675
3.72
675
3.72
675
3.72
675
3.72
675
3.72
675
3.72
675
3.72
675
3.72
675
3.72
675
3.72
675
3.72
675
3.72
675
3.72
675
3.72
675
3.72
675
3.72
675
3.72
675
3.72
675
3.72
675
3.72
675
3.72
675
3.72
675
3.72
675
3.72
675
3.72
675
3.72
675
3.72
675
3.72
675
3.72
675
3.72
675
3.72
675
3.72
675
3.72
675
3.72
675
3.72
675
3.72
675
3.72
675
3.72
675
3.72
675
3.72
675
3.72
675
3.72
675
3.72
675
3.72
675
3.72
675
3.72
675
3.72
675
3.72
675
3.72
675
3.72
675
3.72
676
3.70
676
3.70
676
3.70
676
3.70
676
3.70
712
3.81
712
3.81
712
3.81
712
3.81
713
3.80
713
3.80
713
3.80
713
3.80
713
3.80
713
3.80
715
3.81
715
3.81
715
3.81
715
3.81
715
3.81
715
3.81
715
3.81
715
3.81
715
3.81
715
3.81
715
3.81
715
3.81
715
3.81
715
3.81
715
3.81
715
3.81
715
3.81
715
3.81
715
3.81
715
3.81
715
3.81
715
3.81
715
3.81
715
3.81
715
3.81
715
3.81
715
3.81
715
3.81
715
3.81
715
3.81
715
3.81
715
3.81
715
3.81
715
3.81
715
3.81
715
3.81
715
3.81
715
3.81
715
3.81
715
3.81
715
3.81
716
3.80
716
3.80
716
3.80
716
3.80
716
3.80
716
3.80
716
3.80
716
3.80
716
3.80
716
3.80
716
3.80
716
3.80
716
3.80
716
3.80
716
3.80
716
3.80
716
3.80
716
3.80
716
3.80
716
3.80
716
3.80
716
3.80
716
3.80
716
3.80
716
3.80
716
3.80
716
3.80
716
3.80
716
3.80
716
3.80
717
3.78
717
3.78
717
3.78
717
3.78
717
3.78
717
3.78
717
3.78
717
3.78
717
3.78
717
3.78
717
3.78
717
3.78
717
3.78
720
3.77
720
3.77
720
3.77
720
3.77
720
3.77
720
3.77
720
3.77
720
3.77
720
3.77
720
3.77
720
3.77
720
3.77
720
3.77
720
3.77
720
3.77
720
3.77
720
3.77
720
3.77
720
3.77
720
3.77
720
3.77
720
3.77
720
3.77
720
3.77
720
3.77
720
3.77
720
3.77
720
3.77
720
3.77
720
3.77
720
3.77
720
3.77
720
3.77
720
3.77
720
3.77
720
3.77
720
3.77
720
3.77
720
3.77
720
3.77
720
3.77
720
3.77
720
3.77
720
3.77
720
3.77
720
3.77
720
3.77
720
3.77
720
3.77
720
3.77
720
3.77
720
3.77
720
3.77
720
3.77
720
3.77
720
3.77
720
3.77
720
3.77
720
3.77
721
3.76
721
3.76
721
3.76
721
3.76
721
3.76
721
3.76
722
3.74
722
3.74
722
3.74
722
3.74
722
3.74
722
3.74
722
3.74
722
3.74
722
3.74
722
3.74
722
3.74
722
3.74
722
3.74
722
3.74
722
3.74
722
3.74
722
3.74
722
3.74
722
3.74
722
3.74
722
3.74
727
3.76
732
3.76
732
3.76
732
3.76
732
3.76
732
3.76
732
3.76
732
3.76
732
3.76
732
3.76
732
3.76
732
3.76
732
3.76
732
3.76
732
3.76
732
3.76
732
3.76
732
3.76
732
3.76
732
3.76
732
3.76
732
3.76
732
3.76
732
3.76
732
3.76
732
3.76
732
3.76
733
3.75
733
3.75
733
3.75
733
3.75
733
3.75
733
3.75
733
3.75
733
3.75
733
3.75
733
3.75
733
3.75
733
3.75
733
3.75
733
3.75
733
3.75
733
3.75
733
3.75
733
3.75
733
3.75
733
3.75
733
3.75
734
3.74
734
3.74
734
3.74
734
3.74
734
3.74
734
3.74
734
3.74
734
3.74
734
3.74
734
3.74
734
3.74
734
3.74
734
3.74
734
3.74
734
3.74
734
3.74
734
3.74
734
3.74
734
3.74
734
3.74
734
3.74
734
3.74
734
3.74
734
3.74
734
3.74
734
3.74
734
3.74
734
3.74
734
3.74
734
3.74
734
3.74
734
3.74
734
3.74
734
3.74
734
3.74
734
3.74
734
3.74
734
3.74
734
3.74
734
3.74
735
3.72
735
3.72
735
3.72
735
3.72
735
3.72
735
3.72
735
3.72
741
3.71
741
3.71
741
3.71
741
3.71
741
3.71
741
3.71
741
3.71
741
3.71
741
3.71
741
3.71
741
3.71
741
3.71
741
3.71
741
3.71
741
3.71
741
3.71
741
3.71
741
3.71
741
3.71
741
3.71
741
3.71
741
3.71
741
3.71
744
3.70
750
3.69
750
3.69
750
3.69
750
3.69
750
3.69
750
3.69
750
3.69
750
3.69
750
3.69
750
3.69
750
3.69
750
3.69
750
3.69
750
3.69
750
3.69
751
3.68
751
3.68
751
3.68
751
3.68
732
3.65
732
3.65
732
3.65
732
3.65
732
3.65
732
3.65
732
3.65
732
3.65
732
3.65
732
3.65
733
3.65
733
3.65
733
3.65
733
3.65
733
3.65
733
3.65
733
3.65
733
3.65
733
3.65
733
3.65
733
3.65
733
3.65
733
3.65
733
3.65
733
3.65
733
3.65
733
3.65
733
3.65
733
3.65
733
3.65
733
3.65
733
3.65
733
3.65
733
3.65
733
3.65
733
3.65
733
3.65
733
3.65
733
3.65
726
3.67
726
3.67
726
3.67
726
3.67
726
3.67
726
3.67
726
3.67
726
3.67
726
3.67
726
3.67
726
3.67
726
3.67
726
3.67
726
3.67
726
3.67
726
3.67
726
3.67
726
3.67
726
3.67
726
3.67
726
3.67
726
3.67
726
3.67
726
3.67
726
3.67
726
3.67
726
3.67
726
3.67
726
3.67
726
3.67
726
3.67
726
3.67
726
3.67
726
3.67
726
3.67
726
3.67
726
3.67
726
3.67
726
3.67
726
3.67
726
3.67
726
3.67
726
3.67
726
3.67
726
3.67
726
3.67
726
3.67
726
3.67
736
3.70
736
3.70
736
3.70
723
3.70
723
3.70
726
3.70
726
3.70
726
3.70
726
3.70
726
3.70
726
3.70
726
3.70
726
3.70
726
3.70
736
3.71
736
3.71
736
3.71
736
3.71
736
3.71
736
3.71
736
3.71
736
3.71
736
3.71
736
3.71
736
3.71
736
3.71
736
3.71
736
3.71
736
3.71
736
3.71
736
3.71
736
3.71
736
3.71
736
3.71
736
3.71
736
3.71
736
3.71
736
3.71
736
3.71
714
3.71
714
3.71
714
3.71
714
3.71
714
3.71
714
3.71
714
3.71
714
3.71
714
3.71
714
3.71
714
3.71
714
3.71
715
3.70
715
3.70
716
3.68
716
3.68
716
3.68
716
3.68
716
3.68
716
3.68
716
3.68
716
3.68
716
3.68
716
3.68
716
3.68
716
3.68
716
3.68
716
3.68
716
3.68
716
3.68
716
3.68
716
3.68
716
3.68
716
3.68
716
3.68
716
3.68
716
3.68
716
3.68
716
3.68
716
3.68
716
3.68
716
3.68
716
3.68
716
3.68
716
3.68
716
3.68
716
3.68
716
3.68
716
3.68
716
3.68
722
3.67
722
3.67
722
3.67
722
3.67
727
3.69
727
3.69
727
3.69
727
3.69
722
3.72
722
3.72
722
3.72
722
3.72
722
3.72
722
3.72
722
3.72
722
3.72
722
3.72
722
3.72
722
3.72
722
3.72
722
3.72
722
3.72
722
3.72
725
3.74
725
3.74
725
3.74
725
3.74
725
3.74
725
3.74
725
3.74
725
3.74
725
3.74
726
3.72
726
3.72
726
3.72
726
3.72
726
3.72
726
3.72
726
3.72
726
3.72
726
3.72
726
3.72
726
3.72
726
3.72
726
3.72
726
3.72
726
3.72
726
3.72
727
3.71
727
3.71
727
3.71
727
3.71
727
3.71
727
3.71
727
3.71
727
3.71
727
3.71
727
3.71
727
3.71
727
3.71
727
3.71
727
3.71
727
3.71
727
3.71
737
3.71
737
3.71
737
3.71
737
3.71
737
3.71
737
3.71
737
3.71
737
3.71
737
3.71
737
3.71
737
3.71
737
3.71
737
3.71
737
3.71
737
3.71
737
3.71
737
3.71
737
3.71
737
3.71
737
3.71
737
3.71
739
3.72
740
3.71
740
3.71
740
3.71
740
3.71
740
3.71
740
3.71
740
3.71
738
3.74
774
3.83
774
3.83
774
3.83
774
3.83
779
3.84
779
3.84
779
3.84
779
3.84
779
3.84
779
3.84
779
3.84
779
3.84
779
3.84
779
3.84
779
3.84
779
3.84
779
3.84
779
3.84
779
3.84
779
3.84
779
3.84
779
3.84
779
3.84
779
3.84
779
3.84
779
3.84
779
3.84
779
3.84
779
3.84
779
3.84
779
3.84
779
3.84
781
3.84
781
3.84
781
3.84
781
3.84
781
3.84
781
3.84
781
3.84
781
3.84
781
3.84
781
3.84
781
3.84
757
3.79
757
3.79
757
3.79
757
3.79
757
3.79
757
3.79
757
3.79
757
3.79
757
3.79
758
3.78
758
3.78
758
3.78
758
3.78
758
3.78
758
3.78
758
3.78
758
3.78
758
3.78
758
3.78
758
3.78
758
3.78
758
3.78
759
3.77
759
3.77
759
3.77
759
3.77
759
3.77
759
3.77
759
3.77
759
3.77
759
3.77
759
3.77
759
3.77
759
3.77
759
3.77
759
3.77
759
3.77
759
3.77
760
3.75
760
3.75
760
3.75
760
3.75
760
3.75
760
3.75
760
3.75
760
3.75
760
3.75
760
3.75
760
3.75
760
3.75
737
3.74
737
3.74
737
3.74
737
3.74
737
3.74
737
3.74
737
3.74
737
3.74
737
3.74
737
3.74
737
3.74
737
3.74
737
3.74
737
3.74
737
3.74
737
3.74
737
3.74
737
3.74
737
3.74
737
3.74
737
3.74
737
3.74
737
3.74
737
3.74
737
3.74
737
3.74
737
3.74
737
3.74
737
3.74
737
3.74
737
3.74
737
3.74
737
3.74
737
3.74
738
3.73
738
3.73
738
3.73
738
3.73
738
3.73
738
3.73
738
3.73
738
3.73
738
3.73
738
3.73
738
3.73
738
3.73
738
3.73
738
3.73
738
3.73
738
3.73
738
3.73
741
3.74
741
3.74
741
3.74
741
3.74
741
3.74
741
3.74
741
3.74
741
3.74
733
3.77
733
3.77
733
3.77
733
3.77
733
3.77
733
3.77
733
3.77
733
3.77
733
3.77
733
3.77
733
3.77
733
3.77
733
3.77
734
3.75
734
3.75
734
3.75
734
3.75
734
3.75
734
3.75
734
3.75
734
3.75
734
3.75
734
3.75
749
3.77
749
3.77
749
3.77
749
3.77
749
3.77
749
3.77
749
3.77
752
3.78
752
3.78
752
3.78
752
3.78
752
3.78
752
3.78
752
3.78
752
3.78
752
3.78
752
3.78
752
3.78
752
3.78
752
3.78
752
3.78
752
3.78
752
3.78
752
3.78
752
3.78
752
3.78
734
3.76
734
3.76
734
3.76
734
3.76
734
3.76
734
3.76
734
3.76
734
3.76
734
3.76
734
3.76
734
3.76
734
3.76
737
3.75
737
3.75
737
3.75
737
3.75
737
3.75
737
3.75
737
3.75
737
3.75
737
3.75
737
3.75
737
3.75
737
3.75
737
3.75
737
3.75
737
3.75
737
3.75
737
3.75
737
3.75
737
3.75
737
3.75
737
3.75
737
3.75
737
3.75
737
3.75
737
3.75
737
3.75
737
3.75
737
3.75
737
3.75
737
3.75
737
3.75
737
3.75
737
3.75
737
3.75
737
3.75
737
3.75
737
3.75
737
3.75
737
3.75
737
3.75
737
3.75
740
3.74
740
3.74
740
3.74
745
3.74
745
3.74
745
3.74
738
3.75
738
3.75
738
3.75
738
3.75
739
3.74
739
3.74
739
3.74
739
3.74
739
3.74
739
3.74
739
3.74
739
3.74
739
3.74
739
3.74
739
3.74
739
3.74
739
3.74
739
3.74
739
3.74
739
3.74
739
3.74
739
3.74
739
3.74
739
3.74
739
3.74
739
3.74
739
3.74
739
3.74
739
3.74
739
3.74
739
3.74
739
3.74
739
3.74
739
3.74
739
3.74
739
3.74
739
3.74
739
3.74
739
3.74
739
3.74
739
3.74
743
3.75
743
3.75
736
3.77
736
3.77
736
3.77
736
3.77
736
3.77
736
3.77
736
3.77
736
3.77
736
3.77
736
3.77
736
3.77
736
3.77
736
3.77
736
3.77
736
3.77
736
3.77
736
3.77
736
3.77
739
3.76
739
3.76
739
3.76
739
3.76
739
3.76
739
3.76
739
3.76
739
3.76
739
3.76
739
3.76
739
3.76
739
3.76
739
3.76
739
3.76
739
3.76
739
3.76
739
3.76
739
3.76
739
3.76
739
3.76
739
3.76
739
3.76
739
3.76
739
3.76
739
3.76
745
3.76
745
3.76
745
3.76
745
3.76
745
3.76
745
3.76
745
3.76
745
3.76
745
3.76
745
3.76
745
3.76
745
3.76
745
3.76
745
3.76
745
3.76
745
3.76
745
3.76
745
3.76
745
3.76
745
3.76
745
3.76
745
3.76
745
3.76
745
3.76
755
3.77
755
3.77
755
3.77
755
3.77
755
3.77
755
3.77
755
3.77
755
3.77
755
3.77
755
3.77
755
3.77
755
3.77
755
3.77
755
3.77
755
3.77
755
3.77
755
3.77
755
3.77
770
3.78
770
3.78
770
3.78
770
3.78
770
3.78
770
3.78
770
3.78
770
3.78
771
3.79
771
3.79
771
3.79
771
3.79
757
3.78
761
3.79
762
3.77
762
3.77
762
3.77
762
3.77
762
3.77
762
3.77
762
3.77
762
3.77
762
3.77
762
3.77
762
3.77
762
3.77
762
3.77
762
3.77
762
3.77
762
3.77
762
3.77
762
3.77
762
3.77
766
3.78
766
3.78
766
3.78
766
3.78
766
3.78
768
3.78
768
3.78
768
3.78
804
3.88
804
3.88
804
3.88
788
3.88
788
3.88
788
3.88
788
3.88
788
3.88
788
3.88
788
3.88
788
3.88
788
3.88
788
3.88
788
3.88
788
3.88
788
3.88
788
3.88
788
3.88
788
3.88
788
3.88
788
3.88
788
3.88
788
3.88
788
3.88
788
3.88
788
3.88
788
3.88
788
3.88
788
3.88
788
3.88
788
3.88
788
3.88
788
3.88
788
3.88
795
3.91
795
3.91
795
3.91
805
3.92
805
3.92
805
3.92
805
3.92
805
3.92
805
3.92
805
3.92
805
3.92
805
3.92
805
3.92
805
3.92
805
3.92
808
3.92
808
3.92
808
3.92
808
3.92
808
3.92
808
3.92
808
3.92
808
3.92
808
3.92
808
3.92
808
3.92
808
3.92
808
3.92
808
3.92
808
3.92
808
3.92
808
3.92
808
3.92
808
3.92
808
3.92
808
3.92
801
3.94
801
3.94
801
3.94
801
3.94
801
3.94
801
3.94
801
3.94
801
3.94
801
3.94
801
3.94
801
3.94
801
3.94
801
3.94
801
3.94
801
3.94
801
3.94
801
3.94
801
3.94
801
3.94
801
3.94
801
3.94
801
3.94
802
3.92
802
3.92
802
3.92
802
3.92
802
3.92
802
3.92
802
3.92
802
3.92
802
3.92
802
3.92
802
3.92
802
3.92
802
3.92
802
3.92
802
3.92
802
3.92
802
3.92
802
3.92
803
3.92
803
3.92
803
3.92
803
3.92
803
3.92
804
3.90
804
3.90
804
3.90
804
3.90
797
3.92
797
3.92
797
3.92
800
3.90
800
3.90
800
3.90
800
3.90
800
3.90
803
3.89
803
3.89
803
3.89
803
3.89
803
3.89
803
3.89
806
3.88
806
3.88
806
3.88
806
3.88
806
3.88
806
3.88
806
3.88
806
3.88
806
3.88
806
3.88
806
3.88
806
3.88
806
3.88
806
3.88
806
3.88
806
3.88
806
3.88
806
3.88
806
3.88
806
3.88
806
3.88
788
3.90
788
3.90
788
3.90
791
3.89
791
3.89
791
3.89
819
3.95
819
3.95
819
3.95
819
3.95
819
3.95
819
3.95
819
3.95
819
3.95
819
3.95
819
3.95
819
3.95
819
3.95
822
3.93
822
3.93
822
3.93
822
3.93
822
3.93
822
3.93
822
3.93
822
3.93
822
3.93
822
3.93
832
3.93
832
3.93
832
3.93
833
3.92
833
3.92
833
3.92
833
3.92
833
3.92
833
3.92
833
3.92
833
3.92
833
3.92
833
3.92
833
3.92
833
3.92
833
3.92
833
3.92
833
3.92
834
3.91
821
3.91
821
3.91
821
3.91
821
3.91
821
3.91
821
3.91
821
3.91
821
3.91
821
3.91
821
3.91
821
3.91
821
3.91
821
3.91
821
3.91
821
3.91
821
3.91
821
3.91
821
3.91
821
3.91
821
3.91
821
3.91
821
3.91
821
3.91
821
3.91
821
3.91
821
3.91
821
3.91
821
3.91
821
3.91
821
3.91
821
3.91
821
3.91
821
3.91
821
3.91
821
3.91
821
3.91
821
3.91
821
3.91
821
3.91
821
3.91
821
3.91
821
3.91
821
3.91
821
3.91
821
3.91
821
3.91
821
3.91
821
3.91
827
3.91
827
3.91
827
3.91
827
3.91
827
3.91
827
3.91
827
3.91
827
3.91
827
3.91
827
3.91
827
3.91
791
3.86
791
3.86
791
3.86
791
3.86
791
3.86
791
3.86
791
3.86
791
3.86
791
3.86
794
3.85
794
3.85
794
3.85
794
3.85
794
3.85
794
3.85
795
3.83
795
3.83
795
3.83
795
3.83
795
3.83
795
3.83
795
3.83
795
3.83
795
3.83
795
3.83
795
3.83
795
3.83
795
3.83
795
3.83
795
3.83
795
3.83
795
3.83
798
3.83
795
3.84
795
3.84
795
3.84
795
3.84
795
3.84
795
3.84
795
3.84
795
3.84
795
3.84
795
3.84
795
3.84
795
3.84
795
3.84
795
3.84
795
3.84
795
3.84
795
3.84
795
3.84
795
3.84
795
3.84
795
3.84
795
3.84
795
3.84
795
3.84
795
3.84
795
3.84
795
3.84
795
3.84
795
3.84
795
3.84
795
3.84
795
3.84
795
3.84
795
3.84
795
3.84
795
3.84
795
3.84
795
3.84
795
3.84
795
3.84
795
3.84
795
3.84
799
3.85
799
3.85
799
3.85
799
3.85
799
3.85
799
3.85
799
3.85
799
3.85
799
3.85
799
3.85
799
3.85
799
3.85
799
3.85
799
3.85
799
3.85
799
3.85
805
3.85
804
3.86
804
3.86
804
3.86
804
3.86
804
3.86
804
3.86
804
3.86
804
3.86
804
3.86
804
3.86
804
3.86
804
3.86
804
3.86
804
3.86
804
3.86
808
3.87
808
3.87
808
3.87
808
3.87
808
3.87
808
3.87
814
3.86
814
3.86
814
3.86
814
3.86
814
3.86
814
3.86
814
3.86
814
3.86
814
3.86
814
3.86
814
3.86
814
3.86
814
3.86
814
3.86
814
3.86
814
3.86
814
3.86
814
3.86
814
3.86
814
3.86
814
3.86
814
3.86
814
3.86
814
3.86
814
3.86
814
3.86
814
3.86
814
3.86
814
3.86
814
3.86
808
3.86
808
3.86
808
3.86
808
3.86
808
3.86
808
3.86
808
3.86
808
3.86
808
3.86
808
3.86
808
3.86
808
3.86
808
3.86
808
3.86
808
3.86
808
3.86
808
3.86
808
3.86
808
3.86
808
3.86
808
3.86
808
3.86
809
3.84
809
3.84
809
3.84
809
3.84
809
3.84
809
3.84
809
3.84
809
3.84
809
3.84
809
3.84
809
3.84
809
3.84
809
3.84
809
3.84
809
3.84
809
3.84
809
3.84
809
3.84
809
3.84
809
3.84
809
3.84
809
3.84
809
3.84
809
3.84
815
3.86
815
3.86
815
3.86
815
3.86
815
3.86
815
3.86
821
3.88
821
3.88
821
3.88
821
3.88
821
3.88
822
3.87
822
3.87
822
3.87
822
3.87
822
3.87
822
3.87
822
3.87
822
3.87
822
3.87
822
3.87
822
3.87
831
3.90
831
3.90
831
3.90
831
3.90
831
3.90
831
3.90
831
3.90
831
3.90
831
3.90
834
3.91
834
3.91
834
3.91
837
3.89
837
3.89
844
3.91
844
3.91
844
3.91
844
3.91
844
3.91
844
3.91
844
3.91
844
3.91
844
3.91
844
3.91
844
3.91
844
3.91
843
3.92
843
3.92
843
3.92
843
3.92
843
3.92
843
3.92
843
3.92
843
3.92
843
3.92
843
3.92
843
3.92
846
3.91
846
3.91
847
3.89
847
3.89
850
3.88
850
3.88
850
3.88
850
3.88
850
3.88
850
3.88
850
3.88
853
3.87
853
3.87
853
3.87
853
3.87
853
3.87
853
3.87
853
3.87
853
3.87
853
3.87
853
3.87
853
3.87
853
3.87
853
3.87
853
3.87
853
3.87
859
3.90
859
3.90
859
3.90
859
3.90
859
3.90
859
3.90
859
3.90
859
3.90
859
3.90
859
3.90
859
3.90
859
3.90
859
3.90
859
3.90
862
3.88
862
3.88
862
3.88
862
3.88
862
3.88
862
3.88
862
3.88
862
3.88
862
3.88
862
3.88
862
3.88
862
3.88
862
3.88
862
3.88
862
3.88
862
3.88
862
3.88
862
3.88
862
3.88
862
3.88
862
3.88
862
3.88
862
3.88
862
3.88
862
3.88
862
3.88
862
3.88
862
3.88
862
3.88
862
3.88
862
3.88
862
3.88
862
3.88
862
3.88
862
3.88
862
3.88
862
3.88
862
3.88
862
3.88
862
3.88
862
3.88
862
3.88
862
3.88
863
3.87
860
3.91
860
3.91
860
3.91
860
3.91
861
3.90
861
3.90
861
3.90
861
3.90
861
3.90
861
3.90
861
3.90
861
3.90
861
3.90
861
3.90
861
3.90
861
3.90
868
3.92
868
3.92
868
3.92
868
3.92
868
3.92
868
3.92
868
3.92
868
3.92
868
3.92
868
3.92
868
3.92
868
3.92
868
3.92
868
3.92
868
3.92
868
3.92
868
3.92
868
3.92
868
3.92
868
3.92
868
3.92
868
3.92
868
3.92
868
3.92
868
3.92
868
3.92
868
3.92
868
3.92
868
3.92
868
3.92
868
3.92
868
3.92
868
3.92
855
3.90
855
3.90
855
3.90
855
3.90
855
3.90
855
3.90
855
3.90
855
3.90
855
3.90
858
3.89
858
3.89
858
3.89
858
3.89
858
3.89
858
3.89
858
3.89
858
3.89
858
3.89
858
3.89
858
3.89
858
3.89
858
3.89
858
3.89
858
3.89
858
3.89
858
3.89
858
3.89
859
3.88
859
3.88
859
3.88
859
3.88
860
3.88
860
3.88
860
3.88
860
3.88
863
3.89
863
3.89
863
3.89
863
3.89
863
3.89
864
3.87
860
3.90
860
3.90
860
3.90
861
3.89
861
3.89
861
3.89
861
3.89
861
3.89
861
3.89
861
3.89
862
3.87
862
3.87
862
3.87
862
3.87
862
3.87
862
3.87
862
3.87
862
3.87
862
3.87
862
3.87
863
3.86
863
3.86
863
3.86
863
3.86
863
3.86
863
3.86
863
3.86
863
3.86
863
3.86
863
3.86
863
3.86
863
3.86
863
3.86
863
3.86
863
3.86
863
3.86
863
3.86
866
3.85
866
3.85
866
3.85
866
3.85
866
3.85
866
3.85
878
3.88
878
3.88
878
3.88
878
3.88
878
3.88
878
3.88
878
3.88
893
3.90
868
3.89
868
3.89
868
3.89
868
3.89
868
3.89
868
3.89
868
3.89
868
3.89
868
3.89
868
3.89
868
3.89
868
3.89
868
3.89
868
3.89
868
3.89
868
3.89
868
3.89
868
3.89
868
3.89
868
3.89
869
3.88
869
3.88
869
3.88
869
3.88
869
3.88
869
3.88
869
3.88
869
3.88
869
3.88
869
3.88
869
3.88
869
3.88
869
3.88
871
3.88
871
3.88
871
3.88
871
3.88
871
3.88
874
3.87
874
3.87
874
3.87
874
3.87
874
3.87
874
3.87
874
3.87
874
3.87
869
3.85
869
3.85
869
3.85
869
3.85
869
3.85
872
3.84
872
3.84
872
3.84
872
3.84
872
3.84
872
3.84
872
3.84
872
3.84
872
3.84
872
3.84
872
3.84
872
3.84
872
3.84
872
3.84
872
3.84
872
3.84
872
3.84
872
3.84
872
3.84
872
3.84
872
3.84
872
3.84
872
3.84
872
3.84
872
3.84
872
3.84
872
3.84
872
3.84
873
3.83
873
3.83
873
3.83
873
3.83
873
3.83
873
3.83
873
3.83
873
3.83
873
3.83
873
3.83
878
3.84
878
3.84
878
3.84
878
3.84
878
3.84
878
3.84
878
3.84
878
3.84
867
3.84
867
3.84
867
3.84
867
3.84
867
3.84
867
3.84
867
3.84
867
3.84
867
3.84
867
3.84
867
3.84
867
3.84
867
3.84
867
3.84
867
3.84
867
3.84
867
3.84
867
3.84
867
3.84
867
3.84
867
3.84
867
3.84
867
3.84
867
3.84
868
3.83
868
3.83
868
3.83
868
3.83
868
3.83
868
3.83
868
3.83
868
3.83
868
3.83
868
3.83
868
3.83
868
3.83
868
3.83
869
3.82
869
3.82
869
3.82
870
3.81
870
3.81
870
3.81
876
3.83
867
3.84
867
3.84
867
3.84
867
3.84
867
3.84
867
3.84
867
3.84
867
3.84
867
3.84
867
3.84
867
3.84
867
3.84
867
3.84
867
3.84
867
3.84
867
3.84
867
3.84
867
3.84
867
3.84
867
3.84
867
3.84
867
3.84
867
3.84
867
3.84
867
3.84
867
3.84
867
3.84
867
3.84
867
3.84
867
3.84
868
3.83
868
3.83
868
3.83
868
3.83
868
3.83
868
3.83
868
3.83
868
3.83
868
3.83
868
3.83
868
3.83
868
3.83
858
3.83
858
3.83
858
3.83
858
3.83
858
3.83
858
3.83
858
3.83
858
3.83
859
3.82
859
3.82
859
3.82
859
3.82
859
3.82
859
3.82
859
3.82
859
3.82
859
3.82
859
3.82
859
3.82
859
3.82
859
3.82
859
3.82
859
3.82
859
3.82
859
3.82
859
3.82
859
3.82
859
3.82
859
3.82
859
3.82
859
3.82
859
3.82
859
3.82
859
3.82
859
3.82
859
3.82
859
3.82
859
3.82
859
3.82
859
3.82
859
3.82
860
3.81
860
3.81
860
3.81
860
3.81
860
3.81
860
3.81
860
3.81
860
3.81
860
3.81
860
3.81
860
3.81
860
3.81
860
3.81
860
3.81
860
3.81
860
3.81
860
3.81
866
3.83
866
3.83
866
3.83
866
3.83
852
3.79
852
3.79
852
3.79
852
3.79
852
3.79
852
3.79
852
3.79
852
3.79
852
3.79
858
3.80
858
3.80
858
3.80
858
3.80
858
3.80
858
3.80
859
3.79
859
3.79
859
3.79
859
3.79
859
3.79
859
3.79
859
3.79
859
3.79
859
3.79
859
3.79
859
3.79
859
3.79
859
3.79
859
3.79
859
3.79
859
3.79
858
3.80
858
3.80
858
3.80
858
3.80
858
3.80
859
3.79
859
3.79
859
3.79
859
3.79
859
3.79
859
3.79
859
3.79
859
3.79
859
3.79
859
3.79
859
3.79
859
3.79
859
3.79
859
3.79
859
3.79
859
3.79
859
3.79
859
3.79
859
3.79
859
3.79
859
3.79
859
3.79
859
3.79
859
3.79
859
3.79
859
3.79
859
3.79
859
3.79
859
3.79
859
3.79
859
3.79
859
3.79
859
3.79
859
3.79
859
3.79
859
3.79
859
3.79
859
3.79
859
3.79
859
3.79
859
3.79
859
3.79
859
3.79
859
3.79
859
3.79
859
3.79
859
3.79
859
3.79
859
3.79
859
3.79
859
3.79
859
3.79
859
3.79
859
3.79
859
3.79
859
3.79
859
3.79
859
3.79
817
3.76
817
3.76
817
3.76
817
3.76
817
3.76
817
3.76
818
3.74
818
3.74
818
3.74
818
3.74
818
3.74
818
3.74
818
3.74
818
3.74
818
3.74
818
3.74
818
3.74
818
3.74
818
3.74
818
3.74
818
3.74
818
3.74
818
3.74
818
3.74
818
3.74
818
3.74
818
3.74
818
3.74
818
3.74
818
3.74
818
3.74
818
3.74
818
3.74
818
3.74
818
3.74
818
3.74
818
3.74
818
3.74
818
3.74
818
3.74
818
3.74
818
3.74
818
3.74
818
3.74
854
3.84
854
3.84
842
3.88
842
3.88
842
3.88
842
3.88
842
3.88
842
3.88
842
3.88
842
3.88
842
3.88
842
3.88
842
3.88
843
3.87
843
3.87
843
3.87
850
3.89
850
3.89
850
3.89
850
3.89
850
3.89
850
3.89
850
3.89
850
3.89
850
3.89
850
3.89
850
3.89
850
3.89
850
3.89
850
3.89
850
3.89
850
3.89
850
3.89
850
3.89
850
3.89
850
3.89
850
3.89
850
3.89
851
3.88
851
3.88
851
3.88
851
3.88
849
3.90
849
3.90
849
3.90
849
3.90
849
3.90
849
3.90
849
3.90
849
3.90
849
3.90
849
3.90
849
3.90
849
3.90
849
3.90
849
3.90
849
3.90
849
3.90
849
3.90
849
3.90
849
3.90
849
3.90
849
3.90
849
3.90
849
3.90
849
3.90
855
3.90
855
3.90
855
3.90
855
3.90
855
3.90
855
3.90
855
3.90
855
3.90
855
3.90
855
3.90
855
3.90
855
3.90
855
3.90
855
3.90
855
3.90
855
3.90
855
3.90
855
3.90
855
3.90
856
3.88
862
3.88
862
3.88
862
3.88
862
3.88
862
3.88
862
3.88
862
3.88
862
3.88
862
3.88
855
3.90
855
3.90
855
3.90
855
3.90
855
3.90
855
3.90
855
3.90
855
3.90
855
3.90
855
3.90
855
3.90
855
3.90
855
3.90
855
3.90
855
3.90
855
3.90
855
3.90
855
3.90
855
3.90
855
3.90
855
3.90
855
3.90
855
3.90
855
3.90
855
3.90
855
3.90
855
3.90
855
3.90
855
3.90
855
3.90
855
3.90
865
3.91
865
3.91
865
3.91
865
3.91
865
3.91
865
3.91
865
3.91
865
3.91
865
3.91
865
3.91
865
3.91
865
3.91
845
3.86
845
3.86
845
3.86
845
3.86
845
3.86
845
3.86
845
3.86
845
3.86
845
3.86
845
3.86
845
3.86
845
3.86
845
3.86
845
3.86
845
3.86
845
3.86
845
3.86
845
3.86
845
3.86
845
3.86
845
3.86
845
3.86
845
3.86
845
3.86
845
3.86
845
3.86
845
3.86
845
3.86
845
3.86
845
3.86
845
3.86
845
3.86
845
3.86
845
3.86
845
3.86
845
3.86
845
3.86
845
3.86
845
3.86
845
3.86
845
3.86
845
3.86
845
3.86
845
3.86
845
3.86
845
3.86
845
3.86
845
3.86
845
3.86
845
3.86
845
3.86
845
3.86
845
3.86
845
3.86
841
3.89
841
3.89
841
3.89
841
3.89
841
3.89
841
3.89
841
3.89
841
3.89
841
3.89
842
3.88
842
3.88
842
3.88
842
3.88
852
3.88
852
3.88
852
3.88
852
3.88
852
3.88
852
3.88
852
3.88
852
3.88
852
3.88
858
3.90
858
3.90
858
3.90
858
3.90
858
3.90
858
3.90
858
3.90
858
3.90
858
3.90
858
3.90
858
3.90
858
3.90
858
3.90
858
3.90
858
3.90
859
3.89
859
3.89
859
3.89
859
3.89
859
3.89
859
3.89
859
3.89
859
3.89
860
3.87
860
3.87
860
3.87
860
3.87
860
3.87
860
3.87
863
3.86
851
3.84
851
3.84
851
3.84
851
3.84
851
3.84
851
3.84
851
3.84
851
3.84
851
3.84
851
3.84
851
3.84
851
3.84
851
3.84
851
3.84
851
3.84
851
3.84
851
3.84
851
3.84
851
3.84
851
3.84
851
3.84
851
3.84
851
3.84
851
3.84
851
3.84
851
3.84
851
3.84
851
3.84
851
3.84
851
3.84
851
3.84
851
3.84
851
3.84
851
3.84
851
3.84
851
3.84
851
3.84
851
3.84
851
3.84
851
3.84
851
3.84
851
3.84
851
3.84
851
3.84
851
3.84
851
3.84
851
3.84
851
3.84
851
3.84
837
3.85
837
3.85
837
3.85
837
3.85
837
3.85
837
3.85
837
3.85
837
3.85
837
3.85
837
3.85
837
3.85
837
3.85
837
3.85
838
3.84
838
3.84
838
3.84
838
3.84
838
3.84
838
3.84
838
3.84
838
3.84
838
3.84
838
3.84
838
3.84
838
3.84
838
3.84
838
3.84
838
3.84
838
3.84
838
3.84
838
3.84
838
3.84
838
3.84
838
3.84
838
3.84
839
3.82
839
3.82
839
3.82
839
3.82
839
3.82
839
3.82
839
3.82
839
3.82
839
3.82
839
3.82
839
3.82
839
3.82
839
3.82
827
3.85
827
3.85
827
3.85
827
3.85
827
3.85
827
3.85
827
3.85
827
3.85
827
3.85
827
3.85
827
3.85
827
3.85
827
3.85
827
3.85
827
3.85
827
3.85
827
3.85
827
3.85
827
3.85
827
3.85
827
3.85
827
3.85
827
3.85
827
3.85
836
3.87
839
3.86
839
3.86
839
3.86
839
3.86
839
3.86
839
3.86
839
3.86
839
3.86
839
3.86
839
3.86
839
3.86
839
3.86
839
3.86
839
3.86
839
3.86
839
3.86
820
3.83
820
3.83
824
3.84
825
3.83
825
3.83
825
3.83
825
3.83
825
3.83
825
3.83
826
3.82
826
3.82
826
3.82
826
3.82
826
3.82
826
3.82
826
3.82
826
3.82
826
3.82
826
3.82
826
3.82
831
3.82
837
3.82
837
3.82
837
3.82
837
3.82
837
3.82
837
3.82
837
3.82
837
3.82
837
3.82
837
3.82
837
3.82
837
3.82
837
3.82
837
3.82
837
3.82
837
3.82
837
3.82
837
3.82
837
3.82
837
3.82
837
3.82
837
3.82
837
3.82
837
3.82
837
3.82
837
3.82
838
3.81
838
3.81
838
3.81
838
3.81
834
3.83
835
3.82
835
3.82
835
3.82
835
3.82
835
3.82
835
3.82
835
3.82
835
3.82
835
3.82
835
3.82
835
3.82
835
3.82
835
3.82
835
3.82
835
3.82
835
3.82
835
3.82
835
3.82
838
3.83
838
3.83
838
3.83
838
3.83
838
3.83
838
3.83
838
3.83
838
3.83
838
3.83
838
3.83
838
3.83
838
3.83
838
3.83
838
3.83
838
3.83
838
3.83
838
3.83
841
3.81
841
3.81
845
3.82
845
3.82
845
3.82
845
3.82
845
3.82
845
3.82
847
3.82
847
3.82
847
3.82
847
3.82
847
3.82
848
3.81
848
3.81
847
3.82
847
3.82
848
3.81
848
3.81
848
3.81
848
3.81
848
3.81
848
3.81
848
3.81
848
3.81
848
3.81
848
3.81
848
3.81
848
3.81
848
3.81
848
3.81
848
3.81
855
3.83
855
3.83
855
3.83
855
3.83
855
3.83
855
3.83
858
3.81
858
3.81
858
3.81
858
3.81
858
3.81
858
3.81
859
3.80
862
3.81
862
3.81
862
3.81
862
3.81
862
3.81
862
3.81
862
3.81
862
3.81
862
3.81
862
3.81
862
3.81
862
3.81
862
3.81
862
3.81
862
3.81
862
3.81
862
3.81
862
3.81
847
3.79
847
3.79
847
3.79
847
3.79
847
3.79
847
3.79
847
3.79
847
3.79
847
3.79
847
3.79
847
3.79
847
3.79
847
3.79
847
3.79
847
3.79
847
3.79
847
3.79
847
3.79
847
3.79
847
3.79
847
3.79
847
3.79
847
3.79
857
3.79
857
3.79
857
3.79
857
3.79
857
3.79
857
3.79
867
3.79
867
3.79
867
3.79
867
3.79
864
3.81
864
3.81
864
3.81
869
3.81
869
3.81
872
3.82
872
3.82
872
3.82
873
3.80
873
3.80
873
3.80
873
3.80
873
3.80
873
3.80
873
3.80
873
3.80
873
3.80
873
3.80
873
3.80
873
3.80
873
3.80
873
3.80
873
3.80
873
3.80
873
3.80
873
3.80
873
3.80
873
3.80
873
3.80
873
3.80
873
3.80
873
3.80
873
3.80
873
3.80
873
3.80
873
3.80
873
3.80
873
3.80
873
3.80
873
3.80
873
3.80
873
3.80
873
3.80
873
3.80
873
3.80
873
3.80
873
3.80
873
3.80
873
3.80
873
3.80
873
3.80
873
3.80
873
3.80
879
3.80
879
3.80
879
3.80
879
3.80
879
3.80
879
3.80
879
3.80
879
3.80
879
3.80
882
3.79
882
3.79
882
3.79
882
3.79
876
3.80
876
3.80
876
3.80
876
3.80
876
3.80
876
3.80
876
3.80
876
3.80
876
3.80
876
3.80
876
3.80
876
3.80
876
3.80
876
3.80
876
3.80
876
3.80
876
3.80
876
3.80
876
3.80
876
3.80
876
3.80
876
3.80
876
3.80
876
3.80
876
3.80
876
3.80
876
3.80
876
3.80
876
3.80
877
3.80
877
3.80
878
3.79
878
3.79
878
3.79
871
3.81
871
3.81
871
3.81
871
3.81
871
3.81
871
3.81
871
3.81
871
3.81
871
3.81
871
3.81
871
3.81
871
3.81
871
3.81
871
3.81
871
3.81
871
3.81
871
3.81
871
3.81
871
3.81
871
3.81
871
3.81
871
3.81
871
3.81
871
3.81
871
3.81
871
3.81
871
3.81
871
3.81
871
3.81
871
3.81
871
3.81
871
3.81
871
3.81
871
3.81
871
3.81
871
3.81
871
3.81
871
3.81
871
3.81
871
3.81
871
3.81
871
3.81
871
3.81
871
3.81
871
3.81
871
3.81
871
3.81
877
3.80
877
3.80
877
3.80
877
3.80
877
3.80
877
3.80
877
3.80
877
3.80
880
3.79
880
3.79
880
3.79
880
3.79
880
3.79
880
3.79
880
3.79
880
3.79
880
3.79
880
3.79
835
3.68
835
3.68
835
3.68
835
3.68
835
3.68
835
3.68
835
3.68
835
3.68
835
3.68
835
3.68
835
3.68
835
3.68
835
3.68
835
3.68
835
3.68
835
3.68
835
3.68
835
3.68
835
3.68
835
3.68
835
3.68
835
3.68
835
3.68
835
3.68
835
3.68
835
3.68
835
3.68
835
3.68
845
3.68
845
3.68
845
3.68
845
3.68
845
3.68
845
3.68
806
3.60
806
3.60
806
3.60
806
3.60
806
3.60
806
3.60
806
3.60
806
3.60
806
3.60
806
3.60
806
3.60
806
3.60
806
3.60
806
3.60
806
3.60
806
3.60
806
3.60
806
3.60
806
3.60
806
3.60
806
3.60
806
3.60
806
3.60
806
3.60
806
3.60
806
3.60
806
3.60
806
3.60
806
3.60
806
3.60
807
3.59
807
3.59
807
3.59
807
3.59
807
3.59
807
3.59
807
3.59
807
3.59
807
3.59
807
3.59
807
3.59
808
3.58
808
3.58
808
3.58
808
3.58
808
3.58
808
3.58
811
3.58
811
3.58
811
3.58
811
3.58
811
3.58
811
3.58
811
3.58
810
3.59
813
3.58
813
3.58
813
3.58
828
3.60
828
3.60
828
3.60
828
3.60
828
3.60
828
3.60
828
3.60
828
3.60
828
3.60
828
3.60
828
3.60
828
3.60
828
3.60
829
3.59
829
3.59
829
3.59
829
3.59
829
3.59
829
3.59
829
3.59
829
3.59
829
3.59
829
3.59
829
3.59
829
3.59
829
3.59
829
3.59
829
3.59
829
3.59
829
3.59
829
3.59
829
3.59
829
3.59
829
3.59
829
3.59
829
3.59
829
3.59
829
3.59
829
3.59
829
3.59
829
3.59
829
3.59
829
3.59
829
3.59
829
3.59
829
3.59
829
3.59
829
3.59
829
3.59
825
3.61
825
3.61
825
3.61
825
3.61
825
3.61
825
3.61
825
3.61
825
3.61
825
3.61
825
3.61
825
3.61
825
3.61
825
3.61
825
3.61
825
3.61
825
3.61
825
3.61
825
3.61
825
3.61
825
3.61
825
3.61
825
3.61
825
3.61
825
3.61
825
3.61
825
3.61
825
3.61
825
3.61
825
3.61
825
3.61
825
3.61
825
3.61
825
3.61
825
3.61
825
3.61
825
3.61
828
3.62
828
3.62
828
3.62
828
3.62
828
3.62
828
3.62
828
3.62
828
3.62
828
3.62
828
3.62
828
3.62
829
3.61
844
3.65
844
3.65
847
3.65
848
3.64
847
3.64
847
3.64
847
3.64
847
3.64
847
3.64
847
3.64
847
3.64
847
3.64
847
3.64
847
3.64
847
3.64
847
3.64
847
3.64
847
3.64
847
3.64
847
3.64
847
3.64
847
3.64
847
3.64
847
3.64
847
3.64
847
3.64
847
3.64
847
3.64
847
3.64
847
3.64
847
3.64
835
3.64
835
3.64
835
3.64
835
3.64
835
3.64
835
3.64
835
3.64
835
3.64
835
3.64
835
3.64
835
3.64
835
3.64
835
3.64
835
3.64
835
3.64
835
3.64
835
3.64
835
3.64
835
3.64
835
3.64
835
3.64
835
3.64
835
3.64
835
3.64
835
3.64
835
3.64
835
3.64
835
3.64
835
3.64
835
3.64
835
3.64
850
3.66
850
3.66
850
3.66
850
3.66
851
3.65
851
3.65
851
3.65
851
3.65
851
3.65
851
3.65
851
3.65
851
3.65
851
3.65
851
3.65
851
3.65
851
3.65
851
3.65
851
3.65
851
3.65
851
3.65
851
3.65
851
3.65
851
3.65
851
3.65
851
3.65
850
3.66
850
3.66
853
3.65
853
3.65
853
3.65
853
3.65
853
3.65
853
3.65
853
3.65
853
3.65
853
3.65
853
3.65
853
3.65
853
3.65
853
3.65
853
3.65
853
3.65
853
3.65
853
3.65
853
3.65
853
3.65
853
3.65
853
3.65
853
3.65
853
3.65
853
3.65
853
3.65
853
3.65
853
3.65
853
3.65
853
3.65
853
3.65
853
3.65
853
3.65
853
3.65
853
3.65
853
3.65
853
3.65
853
3.65
853
3.65
853
3.65
853
3.65
853
3.65
853
3.65
853
3.65
853
3.65
853
3.65
836
3.70
836
3.70
836
3.70
836
3.70
836
3.70
836
3.70
836
3.70
836
3.70
836
3.70
837
3.70
837
3.70
837
3.70
837
3.70
837
3.70
839
3.70
839
3.70
839
3.70
839
3.70
839
3.70
839
3.70
839
3.70
839
3.70
839
3.70
839
3.70
839
3.70
839
3.70
839
3.70
839
3.70
840
3.69
840
3.69
840
3.69
840
3.69
840
3.69
840
3.69
840
3.69
840
3.69
840
3.69
840
3.69
840
3.69
840
3.69
840
3.69
840
3.69
840
3.69
840
3.69
839
3.69
839
3.69
839
3.69
839
3.69
839
3.69
839
3.69
839
3.69
839
3.69
839
3.69
839
3.69
839
3.69
839
3.69
839
3.69
839
3.69
839
3.69
839
3.69
839
3.69
839
3.69
839
3.69
839
3.69
839
3.69
839
3.69
839
3.69
839
3.69
842
3.69
842
3.69
842
3.69
842
3.69
842
3.69
842
3.69
842
3.69
842
3.69
842
3.69
842
3.69
843
3.68
843
3.68
843
3.68
843
3.68
843
3.68
843
3.68
843
3.68
843
3.68
843
3.68
843
3.68
843
3.68
843
3.68
846
3.67
846
3.67
846
3.67
846
3.67
846
3.67
846
3.67
846
3.67
846
3.67
846
3.67
831
3.64
831
3.64
831
3.64
831
3.64
831
3.64
831
3.64
831
3.64
831
3.64
831
3.64
831
3.64
836
3.65
836
3.65
836
3.65
836
3.65
836
3.65
836
3.65
836
3.65
836
3.65
836
3.65
836
3.65
836
3.65
836
3.65
864
3.72
864
3.72
864
3.72
864
3.72
864
3.72
867
3.73
867
3.73
867
3.73
867
3.73
867
3.73
867
3.73
867
3.73
867
3.73
867
3.73
867
3.73
867
3.73
867
3.73
867
3.73
867
3.73
867
3.73
867
3.73
867
3.73
867
3.73
857
3.73
857
3.73
857
3.73
857
3.73
857
3.73
857
3.73
857
3.73
857
3.73
857
3.73
857
3.73
857
3.73
857
3.73
857
3.73
857
3.73
857
3.73
857
3.73
857
3.73
857
3.73
857
3.73
857
3.73
857
3.73
857
3.73
857
3.73
857
3.73
860
3.72
860
3.72
860
3.72
860
3.72
860
3.72
860
3.72
860
3.72
860
3.72
860
3.72
860
3.72
860
3.72
860
3.72
860
3.72
860
3.72
860
3.72
860
3.72
860
3.72
860
3.72
860
3.72
860
3.72
860
3.72
860
3.72
860
3.72
860
3.72
860
3.72
847
3.75
847
3.75
847
3.75
847
3.75
847
3.75
847
3.75
847
3.75
847
3.75
847
3.75
847
3.75
847
3.75
847
3.75
847
3.75
847
3.75
847
3.75
847
3.75
847
3.75
847
3.75
847
3.75
847
3.75
847
3.75
847
3.75
847
3.75
847
3.75
850
3.74
850
3.74
850
3.74
850
3.74
850
3.74
850
3.74
853
3.72
853
3.72
853
3.72
853
3.72
853
3.72
853
3.72
853
3.72
853
3.72
853
3.72
853
3.72
853
3.72
853
3.72
853
3.72
838
3.72
841
3.70
841
3.70
841
3.70
841
3.70
841
3.70
842
3.69
842
3.69
842
3.69
842
3.69
842
3.69
842
3.69
842
3.69
842
3.69
842
3.69
842
3.69
842
3.69
842
3.69
842
3.69
842
3.69
842
3.69
842
3.69
842
3.69
842
3.69
842
3.69
842
3.69
842
3.69
842
3.69
842
3.69
842
3.69
842
3.69
842
3.69
842
3.69
842
3.69
842
3.69
842
3.69
842
3.69
842
3.69
842
3.69
842
3.69
842
3.69
842
3.69
842
3.69
842
3.69
842
3.69
842
3.69
842
3.69
842
3.69
842
3.69
842
3.69
842
3.69
842
3.69
842
3.69
842
3.69
842
3.69
842
3.69
842
3.69
842
3.69
842
3.69
796
3.60
796
3.60
796
3.60
796
3.60
796
3.60
796
3.60
796
3.60
796
3.60
796
3.60
796
3.60
796
3.60
796
3.60
796
3.60
796
3.60
796
3.60
796
3.60
796
3.60
796
3.60
796
3.60
796
3.60
796
3.60
796
3.60
796
3.60
796
3.60
796
3.60
796
3.60
796
3.60
796
3.60
796
3.60
796
3.60
796
3.60
796
3.60
796
3.60
796
3.60
796
3.60
796
3.60
796
3.60
796
3.60
796
3.60
796
3.60
796
3.60
796
3.60
796
3.60
796
3.60
796
3.60
796
3.60
796
3.60
796
3.60
796
3.60
796
3.60
796
3.60
796
3.60
796
3.60
796
3.60
793
3.61
793
3.61
793
3.61
793
3.61
793
3.61
793
3.61
793
3.61
793
3.61
793
3.61
793
3.61
793
3.61
793
3.61
793
3.61
793
3.61
793
3.61
793
3.61
793
3.61
793
3.61
793
3.61
793
3.61
793
3.61
793
3.61
793
3.61
793
3.61
792
3.62
792
3.62
792
3.62
792
3.62
792
3.62
792
3.62
792
3.62
792
3.62
792
3.62
792
3.62
792
3.62
799
3.65
799
3.65
803
3.66
803
3.66
803
3.66
803
3.66
803
3.66
803
3.66
803
3.66
803
3.66
804
3.65
804
3.65
804
3.65
804
3.65
804
3.65
804
3.65
804
3.65
804
3.65
804
3.65
807
3.64
807
3.64
807
3.64
807
3.64
807
3.64
807
3.64
807
3.64
807
3.64
807
3.64
807
3.64
807
3.64
817
3.64
817
3.64
817
3.64
817
3.64
817
3.64
817
3.64
817
3.64
817
3.64
817
3.64
817
3.64
817
3.64
817
3.64
817
3.64
817
3.64
817
3.64
817
3.64
817
3.64
817
3.64
817
3.64
817
3.64
817
3.64
817
3.64
817
3.64
817
3.64
817
3.64
817
3.64
817
3.64
817
3.64
817
3.64
817
3.64
813
3.65
813
3.65
813
3.65
813
3.65
813
3.65
813
3.65
814
3.63
814
3.63
814
3.63
814
3.63
814
3.63
814
3.63
814
3.63
814
3.63
814
3.63
814
3.63
814
3.63
814
3.63
814
3.63
814
3.63
814
3.63
814
3.63
814
3.63
814
3.63
814
3.63
814
3.63
814
3.63
814
3.63
814
3.63
814
3.63
814
3.63
814
3.63
814
3.63
814
3.63
814
3.63
814
3.63
814
3.63
818
3.64
818
3.64
818
3.64
818
3.64
799
3.63
799
3.63
799
3.63
799
3.63
799
3.63
799
3.63
799
3.63
799
3.63
800
3.62
800
3.62
800
3.62
800
3.62
800
3.62
800
3.62
800
3.62
800
3.62
800
3.62
800
3.62
800
3.62
800
3.62
800
3.62
800
3.62
800
3.62
800
3.62
800
3.62
800
3.62
800
3.62
800
3.62
800
3.62
800
3.62
800
3.62
800
3.62
800
3.62
800
3.62
800
3.62
803
3.61
803
3.61
803
3.61
803
3.61
794
3.63
794
3.63
794
3.63
794
3.63
794
3.63
794
3.63
794
3.63
795
3.61
795
3.61
795
3.61
804
3.64
804
3.64
805
3.63
805
3.63
805
3.63
805
3.63
805
3.63
805
3.63
805
3.63
805
3.63
805
3.63
805
3.63
805
3.63
805
3.63
805
3.63
805
3.63
805
3.63
808
3.62
808
3.62
808
3.62
808
3.62
808
3.62
808
3.62
808
3.62
808
3.62
808
3.62
808
3.62
808
3.62
808
3.62
808
3.62
808
3.62
808
3.62
808
3.62
808
3.62
808
3.62
808
3.62
808
3.62
808
3.62
808
3.62
808
3.62
808
3.62
808
3.62
808
3.62
808
3.62
808
3.62
808
3.62
808
3.62
808
3.62
808
3.62
803
3.62
803
3.62
803
3.62
803
3.62
803
3.62
803
3.62
803
3.62
803
3.62
803
3.62
803
3.62
803
3.62
803
3.62
803
3.62
803
3.62
803
3.62
803
3.62
803
3.62
803
3.62
803
3.62
803
3.62
803
3.62
803
3.62
803
3.62
803
3.62
803
3.62
803
3.62
803
3.62
803
3.62
803
3.62
803
3.62
803
3.62
803
3.62
803
3.62
803
3.62
803
3.62
803
3.62
803
3.62
794
3.63
794
3.63
794
3.63
797
3.61
797
3.61
797
3.61
797
3.61
797
3.61
797
3.61
797
3.61
797
3.61
797
3.61
797
3.61
797
3.61
797
3.61
797
3.61
797
3.61
797
3.61
797
3.61
797
3.61
797
3.61
797
3.61
797
3.61
797
3.61
797
3.61
797
3.61
797
3.61
797
3.61
797
3.61
797
3.61
797
3.61
797
3.61
798
3.60
798
3.60
798
3.60
798
3.60
798
3.60
798
3.60
798
3.60
798
3.60
798
3.60
798
3.60
798
3.60
798
3.60
798
3.60
798
3.60
798
3.60
798
3.60
798
3.60
798
3.60
798
3.60
798
3.60
798
3.60
798
3.60
798
3.60
798
3.60
798
3.60
798
3.60
798
3.60
798
3.60
798
3.60
798
3.60
798
3.60
798
3.60
768
3.56
768
3.56
768
3.56
768
3.56
768
3.56
768
3.56
768
3.56
768
3.56
768
3.56
768
3.56
768
3.56
768
3.56
768
3.56
768
3.56
796
3.63
796
3.63
796
3.63
796
3.63
796
3.63
796
3.63
796
3.63
796
3.63
796
3.63
796
3.63
796
3.63
753
3.49
753
3.49
754
3.48
754
3.48
754
3.48
754
3.48
754
3.48
754
3.48
754
3.48
754
3.48
754
3.48
754
3.48
754
3.48
754
3.48
754
3.48
754
3.48
754
3.48
754
3.48
754
3.48
754
3.48
754
3.48
754
3.48
754
3.48
754
3.48
754
3.48
754
3.48
754
3.48
754
3.48
754
3.48
754
3.48
754
3.48
754
3.48
754
3.48
754
3.48
754
3.48
758
3.49
758
3.49
758
3.49
758
3.49
758
3.49
758
3.49
758
3.49
759
3.49
760
3.48
760
3.48
763
3.47
763
3.47
763
3.47
763
3.47
763
3.47
763
3.47
763
3.47
763
3.47
763
3.47
763
3.47
747
3.43
747
3.43
747
3.43
747
3.43
747
3.43
747
3.43
747
3.43
747
3.43
747
3.43
747
3.43
747
3.43
747
3.43
747
3.43
747
3.43
747
3.43
747
3.43
747
3.43
747
3.43
747
3.43
747
3.43
747
3.43
747
3.43
747
3.43
747
3.43
747
3.43
747
3.43
747
3.43
747
3.43
747
3.43
747
3.43
747
3.43
747
3.43
747
3.43
747
3.43
747
3.43
747
3.43
747
3.43
753
3.44
753
3.44
756
3.43
756
3.43
756
3.43
756
3.43
756
3.43
756
3.43
756
3.43
756
3.43
756
3.43
756
3.43
756
3.43
756
3.43
756
3.43
756
3.43
756
3.43
756
3.43
756
3.43
756
3.43
756
3.43
756
3.43
753
3.46
753
3.46
756
3.45
756
3.45
756
3.45
756
3.45
756
3.45
756
3.45
756
3.45
756
3.45
756
3.45
756
3.45
756
3.45
756
3.45
756
3.45
757
3.44
757
3.44
757
3.44
757
3.44
757
3.44
757
3.44
757
3.44
757
3.44
757
3.44
757
3.44
757
3.44
757
3.44
757
3.44
757
3.44
760
3.43
760
3.43
760
3.43
760
3.43
760
3.43
760
3.43
760
3.43
760
3.43
760
3.43
760
3.43
748
3.47
748
3.47
758
3.48
758
3.48
758
3.48
758
3.48
758
3.48
758
3.48
758
3.48
758
3.48
758
3.48
758
3.48
758
3.48
758
3.48
758
3.48
758
3.48
758
3.48
758
3.48
758
3.48
758
3.48
758
3.48
758
3.48
758
3.48
758
3.48
758
3.48
758
3.48
758
3.48
761
3.47
762
3.46
762
3.46
762
3.46
762
3.46
762
3.46
762
3.46
762
3.46
762
3.46
762
3.46
762
3.46
762
3.46
762
3.46
762
3.46
762
3.46
762
3.46
762
3.46
762
3.46
762
3.46
762
3.46
762
3.46
762
3.46
762
3.46
762
3.46
762
3.46
762
3.46
762
3.46
762
3.46
762
3.46
762
3.46
762
3.46
763
3.44
763
3.44
763
3.44
763
3.44
763
3.44
763
3.44
716
3.39
716
3.39
716
3.39
716
3.39
716
3.39
716
3.39
716
3.39
716
3.39
716
3.39
716
3.39
716
3.39
716
3.39
716
3.39
716
3.39
716
3.39
717
3.38
717
3.38
717
3.38
717
3.38
717
3.38
717
3.38
717
3.38
717
3.38
717
3.38
717
3.38
717
3.38
717
3.38
717
3.38
717
3.38
717
3.38
717
3.38
717
3.38
717
3.38
717
3.38
717
3.38
717
3.38
717
3.38
717
3.38
717
3.38
717
3.38
717
3.38
717
3.38
717
3.38
717
3.38
717
3.38
711
3.39
711
3.39
711
3.39
711
3.39
711
3.39
711
3.39
711
3.39
711
3.39
711
3.39
711
3.39
711
3.39
711
3.39
711
3.39
711
3.39
711
3.39
711
3.39
711
3.39
711
3.39
711
3.39
711
3.39
711
3.39
711
3.39
711
3.39
711
3.39
711
3.39
711
3.39
711
3.39
711
3.39
711
3.39
711
3.39
711
3.39
711
3.39
711
3.39
711
3.39
711
3.39
711
3.39
711
3.39
711
3.39
711
3.39
704
3.42
704
3.42
704
3.42
704
3.42
704
3.42
704
3.42
704
3.42
704
3.42
704
3.42
704
3.42
704
3.42
704
3.42
704
3.42
704
3.42
704
3.42
704
3.42
704
3.42
704
3.42
704
3.42
704
3.42
705
3.41
705
3.41
705
3.41
705
3.41
705
3.41
705
3.41
705
3.41
705
3.41
705
3.41
705
3.41
708
3.40
708
3.40
716
3.43
716
3.43
716
3.43
716
3.43
716
3.43
716
3.43
716
3.43
716
3.43
716
3.43
716
3.43
716
3.43
716
3.43
707
3.40
707
3.40
707
3.40
707
3.40
707
3.40
707
3.40
707
3.40
707
3.40
707
3.40
707
3.40
707
3.40
707
3.40
707
3.40
707
3.40
707
3.40
707
3.40
707
3.40
707
3.40
707
3.40
707
3.40
707
3.40
712
3.41
712
3.41
712
3.41
712
3.41
712
3.41
712
3.41
712
3.41
712
3.41
712
3.41
712
3.41
712
3.41
712
3.41
725
3.47
725
3.47
725
3.47
735
3.48
735
3.48
742
3.49
742
3.49
742
3.49
742
3.49
742
3.49
742
3.49
742
3.49
742
3.49
742
3.49
742
3.49
742
3.49
742
3.49
742
3.49
742
3.49
742
3.49
742
3.49
742
3.49
742
3.49
742
3.49
742
3.49
742
3.49
742
3.49
742
3.49
732
3.49
732
3.49
732
3.49
732
3.49
732
3.49
732
3.49
732
3.49
732
3.49
733
3.47
733
3.47
733
3.47
733
3.47
733
3.47
733
3.47
733
3.47
733
3.47
733
3.47
733
3.47
733
3.47
733
3.47
733
3.47
733
3.47
733
3.47
733
3.47
733
3.47
733
3.47
733
3.47
733
3.47
733
3.47
734
3.47
734
3.47
734
3.47
734
3.47
734
3.47
734
3.47
734
3.47
734
3.47
734
3.47
734
3.47
737
3.46
737
3.46
737
3.46
737
3.46
737
3.46
737
3.46
737
3.46
722
3.43
722
3.43
722
3.43
722
3.43
722
3.43
722
3.43
722
3.43
722
3.43
722
3.43
722
3.43
722
3.43
722
3.43
722
3.43
722
3.43
722
3.43
722
3.43
722
3.43
722
3.43
723
3.42
723
3.42
723
3.42
723
3.42
723
3.42
723
3.42
723
3.42
723
3.42
723
3.42
723
3.42
723
3.42
723
3.42
723
3.42
723
3.42
723
3.42
723
3.42
723
3.42
723
3.42
723
3.42
723
3.42
723
3.42
723
3.42
723
3.42
723
3.42
723
3.42
703
3.40
703
3.40
703
3.40
703
3.40
703
3.40
703
3.40
703
3.40
703
3.40
703
3.40
703
3.40
703
3.40
703
3.40
703
3.40
703
3.40
703
3.40
703
3.40
703
3.40
703
3.40
703
3.40
704
3.39
704
3.39
704
3.39
704
3.39
710
3.39
710
3.39
710
3.39
710
3.39
710
3.39
710
3.39
710
3.39
710
3.39
710
3.39
710
3.39
710
3.39
710
3.39
710
3.39
710
3.39
711
3.38
711
3.38
711
3.38
711
3.38
711
3.38
711
3.38
711
3.38
711
3.38
711
3.38
711
3.38
711
3.38
711
3.38
711
3.38
711
3.38
711
3.38
711
3.38
711
3.38
711
3.38
711
3.38
700
3.42
700
3.42
700
3.42
700
3.42
700
3.42
700
3.42
700
3.42
700
3.42
700
3.42
700
3.42
700
3.42
703
3.41
703
3.41
703
3.41
703
3.41
703
3.41
703
3.41
703
3.41
703
3.41
703
3.41
703
3.41
703
3.41
703
3.41
703
3.41
703
3.41
703
3.41
703
3.41
703
3.41
703
3.41
703
3.41
703
3.41
703
3.41
703
3.41
709
3.41
709
3.41
709
3.41
709
3.41
709
3.41
709
3.41
709
3.41
709
3.41
698
3.41
698
3.41
698
3.41
698
3.41
698
3.41
698
3.41
698
3.41
698
3.41
698
3.41
698
3.41
698
3.41
698
3.41
698
3.41
698
3.41
698
3.41
698
3.41
698
3.41
698
3.41
698
3.41
708
3.42
708
3.42
715
3.44
715
3.44
715
3.44
715
3.44
718
3.43
721
3.42
721
3.42
721
3.42
721
3.42
721
3.42
721
3.42
721
3.42
721
3.42
721
3.42
721
3.42
721
3.42
721
3.42
721
3.42
721
3.42
721
3.42
721
3.42
721
3.42
721
3.42
721
3.42
721
3.42
721
3.42
721
3.42
714
3.40
714
3.40
714
3.40
714
3.40
714
3.40
714
3.40
714
3.40
714
3.40
714
3.40
714
3.40
714
3.40
714
3.40
714
3.40
714
3.40
714
3.40
714
3.40
714
3.40
714
3.40
714
3.40
714
3.40
714
3.40
714
3.40
714
3.40
714
3.40
714
3.40
714
3.40
714
3.40
714
3.40
714
3.40
714
3.40
714
3.40
714
3.40
714
3.40
714
3.40
714
3.40
714
3.40
714
3.40
714
3.40
714
3.40
702
3.45
702
3.45
702
3.45
702
3.45
702
3.45
702
3.45
703
3.44
703
3.44
703
3.44
703
3.44
711
3.47
711
3.47
711
3.47
711
3.47
711
3.47
711
3.47
711
3.47
711
3.47
711
3.47
711
3.47
711
3.47
711
3.47
711
3.47
711
3.47
711
3.47
711
3.47
711
3.47
711
3.47
711
3.47
711
3.47
711
3.47
711
3.47
711
3.47
711
3.47
711
3.47
711
3.47
711
3.47
711
3.47
711
3.47
711
3.47
711
3.47
711
3.47
711
3.47
711
3.47
711
3.47
711
3.47
711
3.47
711
3.47
711
3.47
711
3.47
711
3.47
711
3.47
711
3.47
711
3.47
711
3.47
682
3.44
682
3.44
682
3.44
682
3.44
682
3.44
682
3.44
682
3.44
682
3.44
682
3.44
682
3.44
682
3.44
682
3.44
682
3.44
688
3.47
688
3.47
703
3.49
703
3.49
703
3.49
703
3.49
703
3.49
703
3.49
703
3.49
703
3.49
703
3.49
703
3.49
703
3.49
703
3.49
703
3.49
703
3.49
703
3.49
703
3.49
703
3.49
703
3.49
703
3.49
703
3.49
703
3.49
748
3.63
748
3.63
748
3.63
748
3.63
748
3.63
748
3.63
748
3.63
748
3.63
748
3.63
748
3.63
748
3.63
739
3.67
739
3.67
739
3.67
739
3.67
743
3.68
743
3.68
743
3.68
743
3.68
743
3.68
743
3.68
743
3.68
743
3.68
743
3.68
743
3.68
743
3.68
743
3.68
743
3.68
743
3.68
743
3.68
743
3.68
743
3.68
743
3.68
743
3.68
743
3.68
743
3.68
743
3.68
743
3.68
743
3.68
743
3.68
743
3.68
743
3.68
743
3.68
743
3.68
743
3.68
743
3.68
743
3.68
743
3.68
743
3.68
743
3.68
743
3.68
798
3.87
826
3.93
826
3.93
826
3.93
826
3.93
826
3.93
826
3.93
818
3.93
818
3.93
818
3.93
818
3.93
818
3.93
818
3.93
818
3.93
818
3.93
818
3.93
823
3.95
823
3.95
823
3.95
823
3.95
823
3.95
823
3.95
823
3.95
824
3.94
824
3.94
824
3.94
824
3.94
829
3.95
829
3.95
829
3.95
829
3.95
829
3.95
829
3.95
829
3.95
829
3.95
829
3.95
829
3.95
829
3.95
829
3.95
829
3.95
829
3.95
829
3.95
829
3.95
829
3.95
829
3.95
829
3.95
829
3.95
829
3.95
829
3.95
829
3.95
829
3.95
829
3.95
821
3.97
821
3.97
821
3.97
821
3.97
821
3.97
821
3.97
821
3.97
821
3.97
830
3.99
830
3.99
830
3.99
830
3.99
830
3.99
830
3.99
830
3.99
830
3.99
830
3.99
830
3.99
830
3.99
830
3.99
830
3.99
830
3.99
830
3.99
830
3.99
830
3.99
830
3.99
830
3.99
830
3.99
830
3.99
830
3.99
830
3.99
830
3.99
840
3.99
840
3.99
840
3.99
840
3.99
840
3.99
840
3.99
840
3.99
840
3.99
840
3.99
840
3.99
840
3.99
840
3.99
840
3.99
840
3.99
840
3.99
840
3.99
840
3.99
840
3.99
845
4.00
844
4.01
844
4.01
844
4.01
844
4.01
844
4.01
844
4.01
844
4.01
844
4.01
844
4.01
844
4.01
844
4.01
844
4.01
844
4.01
844
4.01
844
4.01
844
4.01
844
4.01
844
4.01
844
4.01
844
4.01
844
4.01
844
4.01
844
4.01
844
4.01
844
4.01
844
4.01
844
4.01
844
4.01
844
4.01
844
4.01
844
4.01
844
4.01
844
4.01
844
4.01
844
4.01
844
4.01
844
4.01
844
4.01
844
4.01
845
4.00
845
4.00
851
3.99
851
3.99
851
3.99
851
3.99
851
3.99
851
3.99
851
3.99
844
4.00
844
4.00
844
4.00
844
4.00
844
4.00
844
4.00
844
4.00
846
4.00
846
4.00
846
4.00
847
3.99
847
3.99
847
3.99
847
3.99
847
3.99
847
3.99
847
3.99
847
3.99
847
3.99
862
4.00
862
4.00
862
4.00
862
4.00
862
4.00
862
4.00
862
4.00
862
4.00
862
4.00
862
4.00
862
4.00
862
4.00
862
4.00
862
4.00
862
4.00
862
4.00
862
4.00
862
4.00
862
4.00
862
4.00
865
3.99
865
3.99
865
3.99
865
3.99
865
3.99
865
3.99
865
3.99
865
3.99
865
3.99
865
3.99
865
3.99
865
3.99
865
3.99
858
3.99
864
3.98
864
3.98
864
3.98
864
3.98
864
3.98
864
3.98
864
3.98
864
3.98
864
3.98
864
3.98
864
3.98
864
3.98
864
3.98
864
3.98
864
3.98
864
3.98
864
3.98
864
3.98
864
3.98
864
3.98
864
3.98
864
3.98
864
3.98
864
3.98
864
3.98
864
3.98
864
3.98
864
3.98
864
3.98
864
3.98
864
3.98
864
3.98
864
3.98
863
4.00
863
4.00
863
4.00
863
4.00
864
3.98
864
3.98
864
3.98
864
3.98
864
3.98
864
3.98
864
3.98
864
3.98
864
3.98
864
3.98
864
3.98
864
3.98
864
3.98
864
3.98
864
3.98
864
3.98
864
3.98
864
3.98
864
3.98
864
3.98
864
3.98
864
3.98
864
3.98
864
3.98
864
3.98
864
3.98
864
3.98
864
3.98
864
3.98
864
3.98
870
3.98
870
3.98
870
3.98
870
3.98
870
3.98
870
3.98
870
3.98
870
3.98
870
3.98
870
3.98
870
3.98
870
3.98
870
3.98
870
3.98
870
3.98
870
3.98
870
3.98
870
3.98
870
3.98
870
3.98
870
3.98
870
3.98
870
3.98
870
3.98
870
3.98
870
3.98
834
3.89
834
3.89
834
3.89
834
3.89
834
3.89
834
3.89
834
3.89
834
3.89
835
3.87
835
3.87
835
3.87
835
3.87
835
3.87
835
3.87
835
3.87
835
3.87
835
3.87
835
3.87
835
3.87
835
3.87
835
3.87
880
4.00
880
4.00
880
4.00
880
4.00
880
4.00
880
4.00
880
4.00
880
4.00
880
4.00
880
4.00
880
4.00
880
4.00
880
4.00
880
4.00
880
4.00
880
4.00
880
4.00
880
4.00
880
4.00
880
4.00
880
4.00
880
4.00
880
4.00
880
4.00
880
4.00
880
4.00
880
4.00
880
4.00
880
4.00
880
4.00
872
4.01
872
4.01
872
4.01
872
4.01
872
4.01
872
4.01
872
4.01
872
4.01
872
4.01
872
4.01
872
4.01
872
4.01
872
4.01
872
4.01
872
4.01
872
4.01
872
4.01
872
4.01
872
4.01
872
4.01
872
4.01
872
4.01
872
4.01
872
4.01
872
4.01
872
4.01
872
4.01
872
4.01
873
4.01
873
4.01
873
4.01
873
4.01
873
4.01
873
4.01
873
4.01
873
4.01
860
4.04
860
4.04
860
4.04
860
4.04
860
4.04
860
4.04
860
4.04
860
4.04
860
4.04
860
4.04
860
4.04
860
4.04
860
4.04
860
4.04
860
4.04
860
4.04
860
4.04
860
4.04
860
4.04
860
4.04
860
4.04
860
4.04
860
4.04
860
4.04
860
4.04
860
4.04
860
4.04
860
4.04
860
4.04
860
4.04
860
4.04
860
4.04
860
4.04
860
4.04
860
4.04
860
4.04
860
4.04
860
4.04
860
4.04
860
4.04
860
4.04
860
4.04
860
4.04
860
4.04
860
4.04
860
4.04
866
4.03
866
4.03
866
4.03
866
4.03
866
4.03
866
4.03
866
4.03
867
4.02
867
4.02
867
4.02
867
4.02
867
4.02
867
4.02
857
4.02
857
4.02
860
4.01
860
4.01
860
4.01
860
4.01
860
4.01
860
4.01
860
4.01
860
4.01
860
4.01
862
4.02
862
4.02
862
4.02
862
4.02
862
4.02
862
4.02
862
4.02
862
4.02
862
4.02
862
4.02
862
4.02
862
4.02
862
4.02
862
4.02
862
4.02
862
4.02
862
4.02
862
4.02
862
4.02
872
4.02
872
4.02
872
4.02
872
4.02
872
4.02
872
4.02
866
4.03
866
4.03
866
4.03
866
4.03
866
4.03
866
4.03
866
4.03
866
4.03
866
4.03
866
4.03
866
4.03
866
4.03
866
4.03
866
4.03
866
4.03
866
4.03
866
4.03
866
4.03
866
4.03
872
4.02
872
4.02
872
4.02
872
4.02
872
4.02
872
4.02
872
4.02
872
4.02
872
4.02
872
4.02
872
4.02
872
4.02
872
4.02
872
4.02
874
4.02
874
4.02
874
4.02
874
4.02
874
4.02
874
4.02
874
4.02
874
4.02
874
4.02
874
4.02
874
4.02
874
4.02
874
4.02
874
4.02
874
4.02
874
4.02
878
4.03
878
4.03
881
4.01
881
4.01
881
4.01
881
4.01
850
4.06
850
4.06
850
4.06
850
4.06
850
4.06
850
4.06
850
4.06
850
4.06
855
4.07
856
4.06
856
4.06
856
4.06
856
4.06
856
4.06
856
4.06
856
4.06
856
4.06
856
4.06
856
4.06
856
4.06
856
4.06
856
4.06
856
4.06
856
4.06
856
4.06
856
4.06
856
4.06
856
4.06
856
4.06
856
4.06
856
4.06
856
4.06
856
4.06
856
4.06
856
4.06
856
4.06
856
4.06
856
4.06
856
4.06
856
4.06
856
4.06
856
4.06
856
4.06
856
4.06
856
4.06
856
4.06
856
4.06
857
4.04
857
4.04
857
4.04
857
4.04
857
4.04
857
4.04
857
4.04
862
4.05
862
4.05
862
4.05
862
4.05
862
4.05
862
4.05
862
4.05
862
4.05
862
4.05
862
4.05
862
4.05
862
4.05
862
4.05
862
4.05
862
4.05
862
4.05
863
4.03
863
4.03
863
4.03
863
4.03
863
4.03
863
4.03
863
4.03
863
4.03
863
4.03
863
4.03
863
4.03
863
4.03
863
4.03
863
4.03
863
4.03
863
4.03
863
4.03
863
4.03
863
4.03
863
4.03
863
4.03
863
4.03
863
4.03
863
4.03
863
4.03
863
4.03
863
4.03
863
4.03
863
4.03
861
4.06
861
4.06
861
4.06
867
4.05
867
4.05
867
4.05
867
4.05
867
4.05
867
4.05
867
4.05
867
4.05
867
4.05
867
4.05
867
4.05
867
4.05
867
4.05
867
4.05
867
4.05
867
4.05
867
4.05
867
4.05
867
4.05
867
4.05
867
4.05
867
4.05
867
4.05
868
4.04
869
4.02
869
4.02
869
4.02
869
4.02
869
4.02
869
4.02
869
4.02
869
4.02
869
4.02
869
4.02
869
4.02
869
4.02
869
4.02
869
4.02
869
4.02
869
4.02
869
4.02
869
4.02
869
4.02
869
4.02
869
4.02
869
4.02
869
4.02
854
4.02
854
4.02
854
4.02
854
4.02
854
4.02
854
4.02
854
4.02
854
4.02
854
4.02
854
4.02
854
4.02
854
4.02
854
4.02
860
4.02
860
4.02
860
4.02
860
4.02
860
4.02
860
4.02
860
4.02
865
4.02
865
4.02
865
4.02
865
4.02
865
4.02
865
4.02
865
4.02
865
4.02
865
4.02
865
4.02
865
4.02
865
4.02
865
4.02
865
4.02
865
4.02
865
4.02
865
4.02
865
4.02
865
4.02
865
4.02
865
4.02
865
4.02
865
4.02
865
4.02
865
4.02
865
4.02
865
4.02
865
4.02
865
4.02
865
4.02
865
4.02
852
4.04
852
4.04
852
4.04
852
4.04
852
4.04
852
4.04
853
4.04
853
4.04
853
4.04
853
4.04
853
4.04
853
4.04
853
4.04
853
4.04
853
4.04
853
4.04
853
4.04
853
4.04
853
4.04
853
4.04
853
4.04
853
4.04
853
4.04
853
4.04
863
4.04
863
4.04
863
4.04
863
4.04
863
4.04
863
4.04
863
4.04
863
4.04
863
4.04
863
4.04
863
4.04
863
4.04
863
4.04
848
4.07
848
4.07
848
4.07
848
4.07
849
4.05
849
4.05
849
4.05
849
4.05
849
4.05
849
4.05
849
4.05
849
4.05
849
4.05
849
4.05
849
4.05
849
4.05
849
4.05
849
4.05
849
4.05
849
4.05
849
4.05
849
4.05
849
4.05
849
4.05
849
4.05
849
4.05
849
4.05
849
4.05
849
4.05
849
4.05
849
4.05
849
4.05
849
4.05
849
4.05
849
4.05
849
4.05
849
4.05
849
4.05
849
4.05
849
4.05
849
4.05
849
4.05
849
4.05
849
4.05
849
4.05
849
4.05
849
4.05
849
4.05
849
4.05
849
4.05
849
4.05
849
4.05
849
4.05
849
4.05
849
4.05
849
4.05
849
4.05
832
4.08
832
4.08
832
4.08
832
4.08
847
4.10
848
4.10
848
4.10
848
4.10
848
4.10
848
4.10
848
4.10
848
4.10
848
4.10
848
4.10
848
4.10
848
4.10
848
4.10
848
4.10
848
4.10
848
4.10
848
4.10
848
4.10
848
4.10
848
4.10
848
4.10
848
4.10
848
4.10
848
4.10
848
4.10
848
4.10
848
4.10
848
4.10
848
4.10
848
4.10
848
4.10
848
4.10
848
4.10
854
4.09
854
4.09
854
4.09
854
4.09
854
4.09
854
4.09
854
4.09
854
4.09
854
4.09
833
4.09
833
4.09
833
4.09
833
4.09
833
4.09
833
4.09
833
4.09
833
4.09
833
4.09
833
4.09
833
4.09
833
4.09
836
4.09
836
4.09
836
4.09
836
4.09
836
4.09
836
4.09
836
4.09
836
4.09
836
4.09
836
4.09
836
4.09
837
4.07
837
4.07
837
4.07
837
4.07
837
4.07
837
4.07
837
4.07
837
4.07
837
4.07
837
4.07
837
4.07
837
4.07
837
4.07
837
4.07
837
4.07
837
4.07
837
4.07
837
4.07
837
4.07
837
4.07
837
4.07
837
4.07
837
4.07
837
4.07
837
4.07
837
4.07
819
4.09
819
4.09
819
4.09
819
4.09
819
4.09
819
4.09
819
4.09
819
4.09
819
4.09
819
4.09
819
4.09
819
4.09
819
4.09
819
4.09
819
4.09
819
4.09
819
4.09
819
4.09
819
4.09
819
4.09
819
4.09
819
4.09
819
4.09
819
4.09
819
4.09
819
4.09
819
4.09
819
4.09
819
4.09
819
4.09
819
4.09
819
4.09
819
4.09
819
4.09
819
4.09
819
4.09
819
4.09
819
4.09
819
4.09
822
4.08
822
4.08
822
4.08
822
4.08
822
4.08
822
4.08
820
4.09
820
4.09
820
4.09
820
4.09
820
4.09
820
4.09
820
4.09
820
4.09
820
4.09
820
4.09
820
4.09
820
4.09
820
4.09
820
4.09
820
4.09
820
4.09
820
4.09
820
4.09
820
4.09
820
4.09
820
4.09
820
4.09
820
4.09
820
4.09
820
4.09
820
4.09
820
4.09
820
4.09
859
4.24
859
4.24
859
4.24
859
4.24
864
4.26
864
4.26
864
4.26
864
4.26
869
4.27
869
4.27
869
4.27
869
4.27
869
4.27
869
4.27
869
4.27
869
4.27
869
4.27
869
4.27
869
4.27
860
4.29
860
4.29
860
4.29
860
4.29
860
4.29
860
4.29
860
4.29
860
4.29
860
4.29
860
4.29
860
4.29
860
4.29
860
4.29
860
4.29
860
4.29
860
4.29
860
4.29
860
4.29
860
4.29
860
4.29
860
4.29
860
4.29
860
4.29
860
4.29
860
4.29
860
4.29
860
4.29
863
4.28
863
4.28
863
4.28
863
4.28
863
4.28
863
4.28
863
4.28
863
4.28
863
4.28
863
4.28
863
4.28
863
4.28
863
4.28
863
4.28
863
4.28
863
4.28
863
4.28
863
4.28
863
4.28
863
4.28
863
4.28
863
4.28
863
4.28
863
4.28
863
4.28
863
4.28
853
4.28
853
4.28
853
4.28
854
4.27
854
4.27
855
4.26
855
4.26
855
4.26
855
4.26
855
4.26
855
4.26
855
4.26
855
4.26
855
4.26
855
4.26
855
4.26
855
4.26
855
4.26
855
4.26
855
4.26
855
4.26
855
4.26
855
4.26
855
4.26
855
4.26
855
4.26
855
4.26
855
4.26
855
4.26
856
4.25
856
4.25
856
4.25
856
4.25
856
4.25
856
4.25
856
4.25
856
4.25
866
4.26
866
4.26
866
4.26
866
4.26
866
4.26
866
4.26
866
4.26
866
4.26
866
4.26
866
4.26
866
4.26
857
4.33
857
4.33
857
4.33
857
4.33
857
4.33
857
4.33
857
4.33
857
4.33
857
4.33
857
4.33
857
4.33
857
4.33
857
4.33
857
4.33
858
4.31
858
4.31
858
4.31
858
4.31
858
4.31
858
4.31
858
4.31
858
4.31
858
4.31
858
4.31
858
4.31
858
4.31
858
4.31
858
4.31
858
4.31
858
4.31
858
4.31
858
4.31
863
4.33
863
4.33
863
4.33
863
4.33
869
4.32
869
4.32
869
4.32
869
4.32
869
4.32
869
4.32
869
4.32
869
4.32
853
4.33
856
4.32
856
4.32
856
4.32
856
4.32
856
4.32
856
4.32
859
4.33
859
4.33
859
4.33
859
4.33
859
4.33
859
4.33
859
4.33
859
4.33
859
4.33
859
4.33
859
4.33
859
4.33
859
4.33
859
4.33
859
4.33
859
4.33
859
4.33
859
4.33
859
4.33
859
4.33
859
4.33
859
4.33
859
4.33
859
4.33
859
4.33
859
4.33
859
4.33
859
4.33
859
4.33
859
4.33
859
4.33
859
4.33
859
4.33
859
4.33
859
4.33
859
4.33
859
4.33
859
4.33
859
4.33
859
4.33
859
4.33
859
4.33
865
4.31
839
4.29
839
4.29
839
4.29
839
4.29
839
4.29
839
4.29
839
4.29
839
4.29
839
4.29
839
4.29
839
4.29
839
4.29
839
4.29
839
4.29
839
4.29
839
4.29
839
4.29
839
4.29
839
4.29
840
4.27
840
4.27
840
4.27
840
4.27
840
4.27
840
4.27
840
4.27
840
4.27
840
4.27
840
4.27
840
4.27
840
4.27
840
4.27
849
4.29
849
4.29
849
4.29
849
4.29
849
4.29
849
4.29
849
4.29
849
4.29
849
4.29
853
4.30
853
4.30
853
4.30
853
4.30
854
4.28
854
4.28
854
4.28
854
4.28
854
4.28
854
4.28
854
4.28
855
4.26
855
4.26
855
4.26
855
4.26
855
4.26
855
4.26
855
4.26
855
4.26
855
4.26
855
4.26
855
4.26
856
4.27
856
4.27
856
4.27
856
4.27
856
4.27
856
4.27
856
4.27
856
4.27
856
4.27
856
4.27
856
4.27
856
4.27
856
4.27
856
4.27
856
4.27
856
4.27
856
4.27
856
4.27
856
4.27
856
4.27
856
4.27
856
4.27
856
4.27
856
4.27
856
4.27
856
4.27
856
4.27
837
4.28
837
4.28
837
4.28
837
4.28
837
4.28
837
4.28
837
4.28
837
4.28
837
4.28
837
4.28
837
4.28
837
4.28
837
4.28
837
4.28
837
4.28
840
4.29
840
4.29
840
4.29
840
4.29
840
4.29
840
4.29
840
4.29
840
4.29
840
4.29
840
4.29
840
4.29
840
4.29
840
4.29
840
4.29
840
4.29
840
4.29
840
4.29
840
4.29
840
4.29
840
4.29
840
4.29
840
4.29
843
4.27
843
4.27
843
4.27
843
4.27
843
4.27
843
4.27
843
4.27
843
4.27
843
4.27
843
4.27
843
4.27
850
4.29
850
4.29
850
4.29
850
4.29
850
4.29
850
4.29
850
4.29
850
4.29
850
4.29
849
4.30
849
4.30
849
4.30
849
4.30
849
4.30
849
4.30
849
4.30
849
4.30
849
4.30
849
4.30
849
4.30
849
4.30
849
4.30
849
4.30
849
4.30
849
4.30
849
4.30
849
4.30
849
4.30
849
4.30
849
4.30
849
4.30
849
4.30
849
4.30
849
4.30
849
4.30
849
4.30
849
4.30
849
4.30
849
4.30
849
4.30
849
4.30
849
4.30
849
4.30
849
4.30
849
4.30
849
4.30
849
4.30
845
4.30
845
4.30
845
4.30
845
4.30
845
4.30
845
4.30
846
4.28
846
4.28
846
4.28
846
4.28
846
4.28
846
4.28
846
4.28
846
4.28
846
4.28
846
4.28
846
4.28
846
4.28
846
4.28
846
4.28
846
4.28
846
4.28
846
4.28
846
4.28
846
4.28
846
4.28
846
4.28
849
4.27
849
4.27
849
4.27
849
4.27
849
4.27
877
4.32
877
4.32
884
4.33
884
4.33
884
4.33
884
4.33
884
4.33
884
4.33
884
4.33
884
4.33
884
4.33
884
4.33
884
4.33
884
4.33
884
4.33
884
4.33
884
4.33
884
4.33
884
4.33
894
4.35
894
4.35
894
4.35
894
4.35
894
4.35
894
4.35
880
4.35
880
4.35
880
4.35
880
4.35
880
4.35
880
4.35
880
4.35
880
4.35
880
4.35
880
4.35
880
4.35
880
4.35
880
4.35
880
4.35
883
4.33
883
4.33
883
4.33
883
4.33
883
4.33
883
4.33
883
4.33
883
4.33
883
4.33
883
4.33
883
4.33
883
4.33
883
4.33
883
4.33
883
4.33
883
4.33
883
4.33
883
4.33
883
4.33
883
4.33
883
4.33
887
4.34
887
4.34
887
4.34
887
4.34
855
4.28
855
4.28
857
4.27
857
4.27
857
4.27
857
4.27
857
4.27
857
4.27
857
4.27
857
4.27
857
4.27
857
4.27
857
4.27
857
4.27
857
4.27
857
4.27
857
4.27
857
4.27
857
4.27
857
4.27
857
4.27
857
4.27
857
4.27
857
4.27
857
4.27
857
4.27
857
4.27
857
4.27
857
4.27
857
4.27
857
4.27
857
4.27
857
4.27
857
4.27
857
4.27
857
4.27
857
4.27
857
4.27
857
4.27
857
4.27
857
4.27
857
4.27
857
4.27
857
4.27
857
4.27
857
4.27
857
4.27
857
4.27
857
4.27
857
4.27
857
4.27
857
4.27
857
4.27
864
4.29
867
4.27
867
4.27
867
4.27
867
4.27
867
4.27
867
4.27
867
4.27
867
4.27
863
4.29
863
4.29
863
4.29
863
4.29
863
4.29
863
4.29
863
4.29
863
4.29
863
4.29
863
4.29
863
4.29
863
4.29
863
4.29
863
4.29
866
4.28
866
4.28
866
4.28
866
4.28
866
4.28
866
4.28
866
4.28
866
4.28
866
4.28
866
4.28
866
4.28
866
4.28
866
4.28
866
4.28
866
4.28
866
4.28
866
4.28
866
4.28
866
4.28
866
4.28
866
4.28
866
4.28
866
4.28
866
4.28
866
4.28
856
4.35
856
4.35
856
4.35
856
4.35
856
4.35
862
4.34
862
4.34
862
4.34
862
4.34
862
4.34
862
4.34
862
4.34
862
4.34
862
4.34
862
4.34
862
4.34
862
4.34
862
4.34
862
4.34
862
4.34
862
4.34
862
4.34
862
4.34
862
4.34
862
4.34
862
4.34
862
4.34
862
4.34
862
4.34
862
4.34
862
4.34
862
4.34
862
4.34
862
4.34
866
4.35
866
4.35
866
4.35
866
4.35
866
4.35
867
4.33
867
4.33
867
4.33
867
4.33
867
4.33
867
4.33
867
4.33
867
4.33
867
4.33
867
4.33
867
4.33
867
4.33
867
4.33
867
4.33
867
4.33
867
4.33
867
4.33
867
4.33
867
4.33
870
4.34
870
4.34
870
4.34
870
4.34
870
4.34
870
4.34
870
4.34
870
4.34
870
4.34
876
4.33
876
4.33
876
4.33
876
4.33
876
4.33
876
4.33
876
4.33
876
4.33
876
4.33
876
4.33
876
4.33
876
4.33
876
4.33
876
4.33
876
4.33
876
4.33
876
4.33
876
4.33
876
4.33
876
4.33
876
4.33
876
4.33
876
4.33
876
4.33
876
4.33
885
4.35
885
4.35
885
4.35
885
4.35
885
4.35
885
4.35
885
4.35
885
4.35
885
4.35
885
4.35
885
4.35
885
4.35
885
4.35
885
4.35
890
4.36
890
4.36
890
4.36
890
4.36
890
4.36
890
4.36
890
4.36
890
4.36
890
4.36
890
4.36
890
4.36
890
4.36
890
4.36
890
4.36
890
4.36
890
4.36
890
4.36
890
4.36
890
4.36
890
4.36
890
4.36
890
4.36
890
4.36
890
4.36
890
4.36
890
4.36
890
4.36
890
4.36
890
4.36
890
4.36
890
4.36
890
4.36
890
4.36
890
4.36
890
4.36
890
4.36
890
4.36
890
4.36
890
4.36
890
4.36
890
4.36
890
4.36
890
4.36
890
4.36
890
4.36
890
4.36
890
4.36
884
4.34
884
4.34
884
4.34
884
4.34
884
4.34
884
4.34
884
4.34
884
4.34
884
4.34
884
4.34
884
4.34
884
4.34
884
4.34
884
4.34
884
4.34
884
4.34
884
4.34
884
4.34
884
4.34
884
4.34
884
4.34
887
4.33
887
4.33
887
4.33
887
4.33
887
4.33
887
4.33
887
4.33
887
4.33
887
4.33
887
4.33
887
4.33
887
4.33
887
4.33
888
4.32
888
4.32
888
4.32
888
4.32
888
4.32
888
4.32
888
4.32
889
4.32
889
4.32
889
4.32
889
4.32
889
4.32
881
4.34
881
4.34
881
4.34
881
4.34
881
4.34
881
4.34
881
4.34
881
4.34
881
4.34
881
4.34
881
4.34
881
4.34
881
4.34
881
4.34
881
4.34
881
4.34
881
4.34
881
4.34
881
4.34
881
4.34
881
4.34
881
4.34
881
4.34
881
4.34
881
4.34
881
4.34
881
4.34
881
4.34
881
4.34
881
4.34
881
4.34
881
4.34
902
4.39
905
4.37
905
4.37
905
4.37
905
4.37
905
4.37
906
4.36
906
4.36
902
4.37
902
4.37
902
4.37
902
4.37
902
4.37
902
4.37
902
4.37
902
4.37
902
4.37
902
4.37
902
4.37
903
4.35
903
4.35
903
4.35
903
4.35
903
4.35
903
4.35
903
4.35
903
4.35
903
4.35
903
4.35
903
4.35
903
4.35
903
4.35
903
4.35
